      name    code
0   CJ ENM  035760
1  CJ프레시웨이  051500
2       EG  037370
3    GH신소재  130500
4      GST  083450
5조2,689
CJ ENM 76857 10279352 20
3,823
CJ프레시웨이 -96496 2322375 20
596
EG -1000 5538677 20
396
GH신소재 423 5419981 20
615
GST 27319 6482352 20
757
KB오토시스 0 3240608 20
696
KPX생명과학 -70194 5950000 20
2,851
NHN한국사이버결제 74391 12911647 20
518
TJ미디어 -216 6295575 20
484
UCI 0 10759987 20
869
YTN 69779 14145841 20
383
YW -12950 5426188 20
1,438
갤럭시아컴즈 -2143 8502888 20
3,357
게임빌 -32611 3886816 20
1,980
금화피에스시 227 1790047 20
4,675
나스미디어 -25591 1480804 20
439
네오티스 -7384 5557370 20
506
뉴인텍 106 40233520 20
746
뉴프렉스 292606 13560085 20
2,661
대명코퍼레이션 -298394 56159871 20
947
대봉엘에스 -3880 5439479 20
606
대진디엠피 3499 7171765 20
2,544
대한약품 10913 3453025 20
1,481
덕산하이메탈 14167 2678513 20
260
동방선기 172158 10151980 20
680
디에이피 1 8186697 20
1,221
디엔에프 -4870 6260080 20
240
디이엔티 -58625 4747389 20
713
디지틀조선 1 21853198 20
1,576
레드캡투어 49006 1784209 20
2,431
리더스코스메틱 -106656 11556911 20
3,814
메가스터디교육 11865 934676 20
684
모비스 -39169 15158269 20
1조672
미래컴퍼니 -7626 3275988 20
526
미래테크놀로지 -5911 1509368 20
3,522
바디텍메드 -1350 14004481 20
3조1,657
바이로메드 67824 13763978 20
921
바이오빌 67128 29121705 20
436
부스타 -5353 4911081 20
2,024
비즈니스온 53500 3774653 20
1,585
비츠로테크 -3554 8449710 20
940
삼기오토모티브 -33273 18439476 20
2,095
삼목에스폼 13542 7252719 20
1,327
삼보판지 -22848 5388784 20
1,131
삼아제약 48 1925854 20
592
삼우엠스 -199 31513457 20
1,295
세보엠이씨 -70668 5005791 20
1,335
세종메디칼 -174602 2186693 20
11조9,720
셀트리온헬스케어 -1137811 47358536 20
593
손오공 -51 19168622 20
674
스카이문스테크놀로지 -21206 8659512 20
610
승일 31024 1393287 20
367
쌍용정보통신 95 20154920 20
599
쎄미시스코 33 2725640 20
893
쎄트렉아이 -3690 2643269 20
1,597
아이씨디 -7900 11646160 20
579
아이즈비전 -12385 10039950 20
408
아이크래프트 55 5080174 20
5,353
아프리카TV 25560 7096419 20
393
알에프세미 -57610 4666279 20
3,749
알테오젠 3985 8371904 20
727
알티캐스트 -525195 12364611 20
1,523
액션스퀘어 -91282 12181804 20
417
액트 -32738 14680953 20
234
에스디시스템 -22112 5498580 20
2,405
에스에프씨 2 36369427 20
735
에스엔텍 -72586 6618321 20
1,260
에스코넥 -3220 47246533 20
2,588
에스티아이 -183918 10049272 20
278
에스티오 4231 2445042 20
678
에이치엔티 1694 4786620 20
1,514
에이티넘인베스트 -353094 32422306 20
431
에이티세미콘 122635 57036233 20
1,038
에코마이스터 -68502 10397224 20
1,871
에코마케팅 344219 5891308 20
1,141
에프에스티 8799 12913131 20
511
엑사이엔씨 3556 26500888 20
1,101
엑셈 -4338 19495310 20
6,618
엔지켐생명과학 11446 6096131 20
1,946
엘비세미콘 -80886 26740846 20
2,113
엘아이에스 -33140 11100751 20
1,113
엠코르셋 -645571 5170010 3
327
연이정보통신 1 5191503 20
415
오공 -12 7587729 20
782
오이솔루션 -108 5423877 20
732
오픈베이스 2 23672937 20
4,088
와이지-원 -104311 10929829 20
3,877
원익QnC -234688 14273328 20
1,030
원익큐브 801 23680954 20
1,622
원익테라세미콘 -22703 7795226 20
1,413
원풍물산 2 24759331 20
920
웰크론 44348 19079037 20
527
웰크론한텍 -29522 12732987 20
377
위너지스 0 4779868 20
968
위지트 262 59752840 20
543
육일씨엔에쓰 -83229 4781861 20
1,387
이노인스트루먼트 -109795 5246127 20
707
이스트소프트 252 6608397 20
7,651
이오테크닉스 -111761 7750874 20
617
이트론 1169 165311536 20
1,703
제우스 1314 5155941 20
596
제이엔케이히터 -298343 11375045 20
1,307
제주반도체 -342572 19558768 20
1,382
조아제약 2684 22246226 20
1,062
좋은사람들 1 23888413 20
4,386
주성엔지니어링 496662 34856317 20
1,100
중앙오션 -31861 16544771 20
1,975
지엔코 -49 67699214 20
478
진매트릭스 -1499 6894809 20
727
차이나하오란 0 80760266 20
1,379
창해에탄올 3400 5691994 20
628
케이씨에스 -8099 3544800 20
1,216
케이피엠테크 4 61447591 20
291
케이피티유 0 2503540 20
1,094
켐트로스 -17902 16173522 20
568
코센 -179 30648942 20
2,034
코스온 -101766 14507019 20
1,768
코아스템 2797 10858845 20
5,204
코웰패션 604450 26340837 20
332
코이즈 -12424 4878808 20
740
코프라 150026 10885992 20
531
크로바하이텍 2346 10659416 20
233
토탈소프트 11941 5968580 20
9,236
톱텍 -120731 20560275 20
798
트레이스 0 52193470 20
741
트루윈 0 4743526 20
872
파세코 -404 3801440 20
385
파수닷컴 9215 6461881 20
425
판타지오 43 47427805 20
965
포스링크 2 43235952 20
447
푸드웰 -431 3650527 20
1,195
푸른저축은행 -20 2701330 20
2,759
프로스테믹스 -4721 24654051 20
307
피에스엠씨 80 28622464 20
694
피엠지파마 0 6070947 20
1,069
하나마이크론 -92450 16443602 20
700
하이셈 171845 13093870 20
515
한국맥널티 2400 1471876 20
4,383
한국전자금융 242859 13791089 20
1,075
한국전자인증 -102006 13670650 20
450
한양디지텍 1299 4074489 20
402
한일화학 3535 1071214 20
1,673
한컴MDS 217167 5212917 20
509
해성옵틱스 -89 9907516 20
1,124
헝셩그룹 -253841 33786500 20
691
화성밸브 -53539 3790076 20
1,066
화이브라더스코리아 1 13771181 20
1,089
APS홀딩스 58565 12691256 20
4,470
CMG제약 -80834 80599247 20
417
CS 39984 12234491 20
575
HRS 33462 7974369 20
231
KJ프리텍 -20370 20730482 20
1,512
KMH -96671 11457676 20
270
PN풍년 4146 4660740 20
1,793
SBI핀테크솔루션즈 70822 6803409 20
732
SGA솔루션즈 79 23736313 20
890
SM Life Design 156 22133242 20
1,371
SV인베스트먼트 -1760702 11628510 14
759
갑을메탈 3726 20197171 20
1조5,467
고영 -38169 10703362 20
995
골든센츄리 -41741 53623220 20
1,530
광림 -96107 29470952 20
245
광진실업 -1687 3324830 20
984
국순당 1019 10127243 20
534
국영지앤엠 478187 28594361 20
342
국일신동 24908 4775400 20
403
나노 -304637 21510882 20
3조7,991
나노스 33 12054125 20
1,472
나노엔텍 -24999 18402141 20
4,957
내츄럴엔도텍 -24551 15191828 20
3,954
네오팜 72261 4625164 20
1,576
넥스턴 -1 5785512 20
1,195
뉴로스 -249043 15972714 20
1,382
뉴파워프라즈마 -15616 3490509 20
2,742
뉴프라이드 0 77718509 20
245
대동금속 311 117078 20
1,246
대유위니아 -445302 11372943 20
4,722
대주전자재료 18041 9549211 20
953
덕우전자 3999 3759542 20
490
데이타솔루션 -3989 4738000 20
989
데코앤이 7089 94314922 20
1,000
동아엘텍 -3553 7282067 20
802
디알텍 123964 29798869 20
581
디에스티 -112 36932710 20
693
디지탈옵틱 -2032 47083390 20
807
라이브플렉스 457 67293470 20
910
러셀 -492 12190701 20
487
로고스바이오 408 1690779 20
564
로체시스템즈 -19762 8240484 20
3,367
마크로젠 -148529 9049635 20
6,714
매일유업 80775 2803365 20
610
메디아나 0 4482375 20
852
메타바이오메드 -211 17886476 20
4,668
모두투어 -56554 13250805 20
651
모아텍 1422 1917291 20
1,515
모트렉스 -23477 1932758 20
1,542
미래SCI 1 24130392 20
1,215
미코 -77585 24934077 20
2,123
미투온 -20694 20676638 20
520
베셀 -61237 7001424 20
797
보라티알 -18468 1787959 20
1,584
브레인콘텐츠 -351 98436839 20
2,644
브이원텍 118407 2879077 20
861
블루콤 3638 7895410 20
1,411
비아트론 9962 9804540 20
2,517
비츠로셀 -267476 10755433 20
1,009
비트컴퓨터 -347 12018280 20
347
빛샘전자 -461 3600440 20
671
삼륭물산 -6267 2724868 20
1,720
삼양옵틱스 -59990 3124335 20
402
삼일 -11681 10503581 20
405
삼일기업공사 23486 6617000 20
1,966
삼지전자 110919 7902699 20
434
삼진 -28436 3352500 20
602
삼화네트웍스 388 23516631 20
1,748
상신이디피 -24703 9178958 20
2,168
상아프론테크 90994 5853054 20
700
서린바이오 0 4908608 20
1조1,544
서울반도체 144828 31582839 20
422
서전기전 2597 2328359 20
1,824
서진시스템 -84800 2321713 20
3,620
성우하이텍 -196023 45471963 20
1,212
세명전기 -209 8392140 20
1,238
세미콘라이트 1318 47872621 20
797
슈펙스비앤피 -22997 51022112 20
333
스타플렉스 -712 2144315 20
657
스페코 0 8877002 20
226
신라에스지 623 1669953 20
712
심텍홀딩스 -1727 15436841 20
1,444
씨엠에스에듀 3753 6173881 20
599
씨큐브 -30219 4625575 20
1,500
아가방컴퍼니 -458 24164038 20
3,780
아모텍 411513 6705203 20
6,842
아미코젠 -9519 12346524 20
1,408
아이에이 -36301 36471799 20
6,848
안트로젠 81811 4512080 20
9,058
에스엠 109208 17155982 20
1,604
에스와이패널 -5612 13671195 20
2,795
에이스침대 674 151592 20
2조3,397
에이치엘비 29138 30497867 20
693
에이치엘비파워 44 50762169 20
2,064
에이프로젠 H&G 5069 71858346 20
2,082
에임하이 0 55376511 20
317
에프알텍 -22246 7181398 20
595
엘엠에스 6941 5415628 20
749
엘티씨 23982 3763348 20
1,402
엠젠플러스 0 13124655 20
2,796
연우 -31717 3936057 20
260
영신금속 1875 9706276 20
641
영화테크 10800 2155364 20
941
예스24 -2041 8120601 20
996
오르비텍 -14458 18852429 20
358
오리엔탈정공 98977 21540127 20
391
오리엔트정공 145336 11689524 20
373
옵티시스 1123 3034283 20
1,099
우리산업홀딩스 7183 4033005 20
1,471
우리손에프앤지 -195670 26744243 20
1,187
원익 -288719 9615965 20
444
원일특강 8900 2207510 20
479
윈팩 122 28708829 20
3,889
유니테스트 -395597 12970453 20
1,618
유바이오로직스 14786 16782558 20
726
유지인트 3513 65821683 20
429
이에스에이 0 12419902 20
2,804
이엠텍 456331 11704558 20
4,553
이지바이오 -545638 40191573 20
1,866
인크로스 -56609 3919657 20
755
인포바인 1286 1073096 20
560
인포뱅크 850 4818413 20
810
자이글 -20926 4318666 20
1,133
정상제이엘에스 58964 6658592 20
1,314
제이스텍 32068 8012413 20
556
제일바이오 106517 9643924 20
450
제일제강 -250809 21227946 20
221
지디 0 17792376 20
1,526
참좋은여행 273702 5469767 20
2조3,572
카카오M 253780 8156744 20
723
캐스텍코리아 -679344 10705914 20
1,031
케이디 네이쳐 엔 바이오 3 43513002 20
363
케이씨피드 1108 11135448 20
1,022
코다코 16635 26306122 20
1,126
코데즈컴바인 2 15116472 20
759
코메론 3216 4216854 20
2,720
코미코 152626 5274999 20
1조3,989
코미팜 9067 33239477 20
705
코위버 -14269 6516952 20
7,415
콜마비앤에이치 -27724 6518896 20
703
쿠첸 12 3835954 20
345
타이거일렉 1330 2795540 20
1,595
테고사이언스 -6358 493501 20
1,764
테스나 -9092 4028183 20
1,867
투비소프트 -397364 18720509 20
1,014
투윈글로벌 -369275 40993343 20
638
티비씨 61812 42268940 20
1,278
티에스이 -22659 2663488 20
935
파루 -2538 27138788 20
459
파인디지털 2091 6345139 20
451
패션플랫폼 268 6572846 20
627
팬엔터테인먼트 -81178 7587030 20
1,251
팬젠 -2363 5518565 20
483
포비스티앤씨 -345 31952244 20
2,086
포스코엠텍 314817 20346284 20
978
포티스 110 35361214 20
322
풍강 21423 4989256 20
449
피델릭스 -12450 16223017 20
1,092
피에스텍 9798 9531820 20
170
하나금융7호SPAC 0 6435133 20
2,713
하림 -48407 43596946 20
3,383
하이록코리아 -67493 4577142 20
1,120
한국유니온제약 0 5745000 0
4,114
한국정보통신 20505 6587964 20
508
한국팩키지 29 9000000 20
1,614
해덕파워웨이 -125236 8167963 20
540
현대공업 14730 6366778 20
425
현진소재 0 8476816 20
397
형지I&C -29 18828823 20
528
휴맥스홀딩스 0 4729791 20
5,774
휴온스글로벌 -25094 4455095 20
1,242
AP위성 60189 6557114 20
3,728
JTC -748478 12451517 20
1,883
KCC건설 4554 7160973 20
1,051
KCI 49001 5679197 20
1,309
KG ETS -77585 17112139 20
1,506
MP한강 -23549 23862392 20
1,234
NHN벅스 0 5043039 20
1,090
SBS콘텐츠허브 -1052150 2299067 20
1조5,505
SKC코오롱PI 688764 13486922 20
2,565
SK바이오랜드 48618 8560386 20
2,135
SM C&C -227719 40276516 20
560
STC -1777 18205773 20
910
W홀딩컴퍼니 3962008 97279200 20
1,935
경남제약 0 9791943 20
327
경창산업 45593 8565176 20
1,399
기가레인 19409 33953147 20
2,642
나노신소재 458381 6765261 20
1,244
네오위즈홀딩스 10891 4735153 20
2,748
넥슨지티 -130922 11954176 20
2,157
넵튠 412 10008511 20
422
뉴보텍 0 22382342 20
1,886
다산네트웍스 -63064 16502008 20
3,646
다원시스 -21981 18190503 20
574
대성파인텍 34 22515757 20
1,326
대원산업 -80482 11483149 20
1,816
대한뉴팜 949 8279497 20
2,382
덱스터 -876522 16222975 20
604
동신건설 -1373 2231317 20
741
동일기연 0 500330 20
248
듀오백 -12970 5663598 20
1,461
디에스케이 0 13139315 20
671
디엔에이링크 13719 8190104 20
631
디엠씨 0 39064479 20
512
디엠티 -20237 6680535 20
5,302
디오 12807 10264385 20
285
디지아이 3178 4798835 20
995
디지털대성 91363 9117408 20
473
램테크놀러지 0 4867624 20
2,695
로보스타 96421 6536242 20
1,339
로스웰 -150737 31441250 20
1,450
리드코프 -77023 10421330 20
755
린드먼아시아 -28338 3500000 20
592
마이크로프랜드 -188105 5991496 20
4조1,151
메디톡스 -53055 3786149 20
6,413
메디포스트 90351 6790856 20
485
메이슨캐피탈 -135996 62565714 20
324
모바일리더 696 1711782 20
876
모바일어플라이언스 42577 10489040 20
522
미동앤씨네마 0 6659765 20
1,877
바이오니아 7511 14604464 20
4,776
바텍 51878 6893288 20
1,813
보광산업 -591 9589517 20
1,186
보령메디앙스 -4001 6485417 20
1,357
부방 101375 16190427 20
426
브리지텍 26619 7806646 20
2,010
비씨월드제약 2388 4491228 20
771
삼원테크 -210 35993613 20
563
삼진엘앤디 1 18789273 20
865
삼천리자전거 -6517 5554037 20
793
삼현철강 -8242 6428979 20
4,409
서부T&D -505155 21787138 20
856
서산 -574 6420000 20
1,579
서플러스글로벌 -53332 12758084 20
438
성우테크론 -7091 4908181 20
2,143
셀루메드 1 19861393 20
1,266
셀바스AI 1357 15603815 20
603
소프트센 -159637 20017902 20
1,381
솔본 1 13614505 20
664
스킨앤스킨 -53404 83209856 20
1,359
시공테크 199 10136517 20
3조3,984
신라젠 11958 63313170 20
1,019
신성델타테크 77620 11361410 20
348
신스타임즈 0 6233869 20
1,349
아비코전자 -8856 8151318 20
518
아이엠 -613702 34523387 20
578
아이오케이 2948 18805624 20
702
아진엑스텍 -93113 4569036 20
1,275
에너전트 -1176 31525958 20
456
에스마크 -68505 127289565 20
671
에스앤씨엔진그룹 -145132 68578879 20
1조2,496
에스에프에이 158496 17719799 20
551
에이디칩스 2481 23350611 20
450
에이치시티 -15 2872816 20
386
에프엔에스테크 23095 4500869 20
222
엘디티 2829 4244393 20
660
엠에스오토텍 5535 17647347 20
1,893
오텍 929 9712253 20
756
와이엔텍 -363 9820423 20
283
우성아이비 0 15435248 20
3,184
원익머트리얼즈 2651 2238786 20
4,024
원익홀딩스 -967701 33330468 20
457
원풍 0 5210778 20
325
웹스 6602 4006376 20
7,521
웹젠 -131626 14615661 20
2,761
위닉스 -219032 7377427 20
2,183
유니셈 -528797 18626893 20
1,363
유비쿼스 50572 2714026 20
944
유비쿼스홀딩스 -375822 7189377 20
3,300
유진테크 -328092 13743917 20
1,053
유티아이 16847 3430905 20
412
이건홀딩스 21104 8001042 20
489
이글루시큐리티 -4548 6495664 20
377
이디 185 46924265 20
585
이랜텍 -16251 11463646 20
706
이매진아시아 1 21733237 20
194
이원컴포텍 5011 6545486 20
729
인성정보 29 12189582 20
1,539
인탑스 29668 7096600 20
1,565
인터파크홀딩스 450704 35106375 20
1,409
정산애강 125 24433087 20
257
제미니투자 -28730 31089192 20
1,102
제이에스티나 1 9143852 20
285
제이웨이 31 11034380 20
283
제이티 -87836 6749224 20
974
조이맥스 -39262 4223633 20
483
진바이오텍 988 6080227 20
1,179
캠시스 22159 44652003 20
770
케이피에프 -2721 8066969 20
2,069
코나아이 26514 10259636 20
593
코리아에프티 -403701 9424566 20
2,635
코엔텍 84613 20142913 20
2조2,154
코오롱티슈진 -68640 23166035 20
658
큐브엔터 318740 14419749 20
955
탑엔지니어링 -36654 10551806 20
1,354
토비스 -50575 13406114 20
8,056
티씨케이 -54295 4236500 20
581
티에스인베스트먼트 -460013 8881000 20
278
티피씨글로벌 3096 4627646 20
1,932
파나진 8002 21152916 20
1조6,688
파라다이스 -162962 42743913 20
2,696
파크시스템스 29394 4313474 20
450
포메탈 -21890 7755512 20
9,426
포스코 ICT 265395 51029054 20
488
퓨전데이타 0 4765554 20
1,726
프로텍 108751 4274582 20
724
피앤씨테크 -34561 3324800 20
493
피앤텔 25002 22260541 20
506
피제이메탈 -39223 8547975 20
1,214
필옵틱스 15195 9972609 20
1조1,464
하림지주 -304602 28373175 20
810
한국경제TV -41849 8391586 20
1,073
한국캐피탈 331 30732821 20
600
한국코퍼레이션 4913 17968333 20
824
한국테크놀로지 -668249 53667510 20
304
한솔씨앤피 -354 1410695 20
764
한일네트웍스 -3580 5964695 20
1,734
현대사료 -148032 1851206 20
1,432
현대정보기술 4212 23986084 20
2조793
휴젤 -17389 2523408 20
767
DSC인베스트먼트 -310544 11470000 20
1,248
SCI평가정보 1002 14749790 20
676
SDN -71012 32338944 20
3,118
SKC 솔믹스 -83307 25962532 20
1조8,743
SK머티리얼즈 -145366 4483930 20
1,218
가비아 -13102 7580252 20
502
경남스틸 -9693 12930000 20
2,460
골프존 -20035 1002764 20
1,814
골프존뉴딘홀딩스 -4015 19691970 20
1,223
글로벌텍스프리 -328842 8502275 20
1,316
글로본 10285 23124341 20
1,344
나노캠텍 170177 14919252 20
821
나이벡 -2147 4962264 20
3,565
네이처셀 157052 40031811 20
2,699
네패스 -246019 16418691 20
4,544
녹십자랩셀 -17169 5238724 20
536
대성미생물 -87 2333260 20
5,258
대아티아이 -57422 59189315 20
1,153
대양전기공업 41302 2292318 20
738
대창스틸 -8612 6814832 20
3,758
덕산네오룩스 54009 10238032 20
655
덕신하우징 1004 24067630 20
1,560
도이치모터스 -105771 16634689 20
1,687
동국산업 89517 24486952 20
5,735
동국제약 -62745 2691587 20
5,707
동진쎄미켐 -460050 32736630 20
1,188
디에스티로봇 3703 58051288 20
612
딜리 2607 12526125 20
1,623
라이온켐텍 -23555 4929355 20
1,021
라이트론 34212 8646280 20
270
레이젠 0 26265543 20
392
로지시스 19053 3318872 20
688
루미마이크로 -40 28389258 20
582
링네트 62122 9523870 20
2,376
메카로 -173265 3912188 20
621
모헨즈 0 7381310 20
668
미스터블루 1 9375762 20
2,502
민앤지 83499 7953124 20
3,046
바이넥스 -110102 27672067 20
975
바이온 2 38037357 20
731
비디아이 6750 2263321 20
991
비에이치아이 1 9500788 20
2,117
사람인에이치알 -97247 5452390 20
559
상신전자 -194213 2117950 20
962
상지카일룸 9502 19259904 20
692
새로닉스 18 4121805 20
997
서원인텍 -11363 7500761 20
677
서호전기 -14501 2154996 20
328
성호전자 16452 21208704 20
616
세원 -237374 12346770 20
559
세원물산 -945 1839630 20
584
세중 0 12683608 20
2조3,457
셀트리온제약 -161950 15063946 20
554
수산아이앤티 1885 3417636 20
2조8,738
스튜디오드래곤 -245829 6825430 20
400
스포츠서울 161 27389429 20
483
신원종합개발 539 8816616 20
593
신화인터텍 -1671 24549864 20
1,095
싸이맥스 10614 5914624 20
332
썬텍 0 29794685 20
911
쎄노텍 2 15232533 20
362
씨씨에스 -9731 71740576 20
542
씨앤지하이테크 -30058 2390910 20
6,677
씨젠 -97605 15935390 20
983
씨티젠 1 21357828 20
2,318
아스트 -326126 9660075 20
433
아시아종묘 -8551 6034081 20
2,320
아우딘퓨쳐스 -123377 3177397 20
3,297
아이센스 43957 7737401 20
1,161
알리코제약 -4124 3972594 20
429
알톤스포츠 -27 5889248 20
6,484
에스모 201285 43563636 20
428
에스아이리소스 164781 48651030 20
1,231
에스텍파마 -28204 8823667 20
2,952
에스티큐브 -43977 23231939 20
907
에쎈테크 -149 21597562 20
310
에이치케이 -1777 14356210 20
424
에코플라스틱 53367 15203545 20
2,434
에프티이앤이 0 48797687 20
686
엔에스 -51864 2574158 20
1,511
엘오티베큠 13230 7924981 20
1,756
엘컴텍 2548 29772472 20
1,361
엠씨넥스 -15238 6040790 20
2,294
예림당 -223318 10536710 20
1,318
오성첨단소재 1054529 39491519 20
403
우리이앤엘 -773 21656839 20
1,563
우수AMS -9299 13828522 20
447
윈하이텍 -13167 4809000 20
578
유비벨록스 -12206 4257613 20
5,140
이녹스첨단소재 -78513 5890200 20
1,415
이니텍 6044 8111567 20
286
이루온 46127 11222120 20
234
일야 14075 6257000 20
773
정원엔시스 143 21195445 20
3,362
제낙스 11864 15108930 20
1,044
제노레이 -10564 2821440 20
1,690
제노포커스 -420661 13458823 20
1,306
제룡전기 -1777 10421779 20
1,709
제이씨현시스템 -45609 9887865 20
4,515
젬백스 183104 28191879 20
3,178
지니뮤직 46579 20909312 20
842
체리부로 -13798 9811512 20
899
초록뱀 -308305 50634362 20
1,702
캔서롭 -297 14933758 20
774
케이맥 3955 4205959 20
1,191
케이아이엔엑스 39262 2478754 20
284
케이에스피 0 5670783 20
350
케이엔더블유 4477 2757690 20
650
코맥스 0 6971694 20
910
코세스 6493 8307564 20
2,948
코스메카코리아 -136053 4632862 20
2,679
코텍 -40356 8909164 20
1,589
큐리언트 -7556 5427533 20
1,227
큐캐피탈 204 61107176 20
876
특수건설 -20782 6815593 20
2,145
티케이케미칼 728190 34630967 20
580
티플랙스 -22309 17520657 20
1,188
팜스토리 9110 42633766 20
2조7,231
포스코켐텍 706676 21104500 20
1,197
풍국주정 26 4032236 20
313
피씨디렉트 -14268 4454848 20
1,028
피씨엘 0 5215626 20
4,493
피에스케이 -396550 13797687 20
595
픽셀플러스 -15 3456693 20
1,708
필링크 -519528 47222124 20
588
하츠 87869 6450601 20
473
한국컴퓨터 37102 8513634 20
843
한일사료 -4023 20797495 20
453
한컴시큐어 -37101 9573363 20
2,652
홈캐스트 -4276 30304361 20
981
효성오앤비 -2177 4171267 20
1,434
3S 0 40741613 20
484
CNH 141 15679784 20
445
DB라이텍 3219 19171529 20
1,461
DMS -101320 17725808 20
2,070
KH바텍 -45583 11800998 20
495
KMH하이텍 -352 36456980 20
818
SG&G 2 17062111 20
697
SGA 155174 75053947 20
595
TPC 28556 4580633 20
1,098
가온미디어 -606120 11858199 20
1,605
강스템바이오텍 -67260 11591729 20
3,266
경동제약 -4647 9800352 20
365
골드퍼시픽 0 7241930 20
225
광진윈텍 11691 3634685 20
1,384
국보디자인 25205 3014211 20
1,245
국일제지 34555 67396476 20
648
그랜드백화점 -1943 2138616 20
605
글로벌에스엠 -384 21736971 20
2,340
나이스정보통신 -32197 3070928 20
1,332
남화토건 141 4649092 20
3,824
네오위즈 97998 13412160 20
293
네이블커뮤니케이션즈 9111 4108717 20
972
네패스신소재 -6024 1960000 20
788
넥스트칩 25294 5702349 20
1,198
녹원씨엔아이 23663 9746029 20
2,461
다날 -819 40398205 20
492
다믈멀티미디어 258678 5416608 20
4,270
다우데이타 -75794 12557330 20
238
대동기어 2081 243859 20
806
대림제지 7351 16832010 20
1,265
대원 -15261 1898635 20
962
대원미디어 4405 8176139 20
1조133
더블유게임즈 26373 8540780 20
2,297
동국S&C -108659 24299628 20
595
동아화성 9564 6656386 20
840
동양파일 13017 8000000 20
242
두올산업 -125060 8165940 20
1,535
디앤씨미디어 -62327 3406021 20
931
디티앤씨 -49781 5314922 20
2,351
매직마이크로 400227 36943519 20
3,289
모다이노칩 -14160 5907743 20
1,041
모베이스 -12973 12929692 20
245
바른테크놀로지 -65433 25562927 20
1,019
바이오스마트 11 15691439 20
3,216
비덴트 47793 18114379 20
655
비엠티 -596 3582833 20
1,110
삼보모터스 -8227 7674913 20
2,014
삼본정밀전자 0 3991831 20
505
삼영엠텍 0 11091336 20
8,400
삼천당제약 523399 12948595 20
1,374
서울옥션 -104601 8113380 20
2,109
서한 267633 61591030 20
973
성도이엔지 -8163 9657810 20
3,272
세종텔레콤 32844 406546126 20
618
셀바스헬스케어 0 3388046 20
682
솔고바이오 -378227 102811412 20
928
스맥 -469 21363046 20
994
시그네틱스 96 43880613 20
1,224
시너지이노베이션 28 34282367 20
2,302
시노펙스 10753 60492812 20
1,026
신신제약 -889 7342310 20
2,739
신흥에스이씨 1517 2393219 20
3,290
쎌바이오텍 -17528 5146427 20
782
씨트리 1100 10927255 20
1,560
아나패스 -13023 7662297 20
949
아이디스 -12835 3924765 20
392
아즈텍WB 300266 11950819 20
889
알에프텍 204955 14213595 20
632
알엔투테크놀로지 5132 4276552 20
1,459
알파홀딩스 23574 11354127 20
2,944
앱클론 58614 4594500 20
3,084
야스 -92851 4810000 20
1,569
양지사 1 1665808 20
873
어보브반도체 35137 11445019 20
1,548
에버다임 61723 7779318 20
769
에스앤에스텍 49948 13873460 20
1,820
에스에이엠티 47676 49156991 20
2,550
에스엠코어 -706 9739181 20
1,942
에스피지 -179845 11288181 20
873
에이디테크놀로지 -6749 6640027 20
808
에이코넬 0 7779679 20
449
에이텍티앤 -8035 3520863 20
801
에코바이오 0 7312708 20
1,455
에프앤리퍼블릭 928877 40867407 20
873
엔브이에이치코리아 33817 8380215 20
401
엔에스엔 -4999 18517888 20
388
엔피케이 -3879 9503668 20
2,078
엠케이전자 -58568 13972691 20
1,244
영풍정밀 22957 6312179 20
452
오스테오닉 4882 6210210 20
7,529
오스템임플란트 -1989 8311579 20
249
오킨스전자 3474 4109960 20
1,894
와이엠씨 144872 6000988 20
1,977
와이엠티 -81345 4053200 20
683
우노앤컴퍼니 27275 8926873 20
2,685
우리산업 66924 4740573 20
314
우리조명 -41563 15378474 20
683
웰크론강원 -15394 8760393 20
7,199
위메이드 65417 7685251 20
860
유니크 -45202 10828156 20
1,216
유아이엘 -7425 9095875 20
1,131
이노와이어리스 75250 3704712 20
347
이더블유케이 0 2936290 20
2,029
이수앱지스 -69007 16728987 20
397
이스트아시아홀딩스 486 72867580 20
704
이엑스티 -980713 6746280 20
1,971
이엔에프테크놀로지 -96192 8200819 20
589
이엠넷 31399 7466246 20
1,403
이엠코리아 -180566 27275534 20
3,665
이테크건설 -4429 1339187 20
236
이퓨쳐 -7871 2316332 20
1,521
이화공영 -12227 10798909 20
2,579
인선이엔티 7366 27552568 20
323
인터불스 -10886 8147611 20
985
인텔리안테크 -73272 3706535 20
553
인포마크 -313 1978217 20
674
인프라웨어 1645 27050673 20
1,732
인피니트헬스케어 1 13283689 20
467
일경산업개발 259 37244629 20
911
일신바이오 2 29750395 20
733
재영솔루텍 2 40992444 20
576
정다운 -49124 13623920 20
1조6,858
제넥신 74377 14371410 20
280
중앙리빙테크 280 20656091 20
1,318
중앙백신 -28514 3674508 20
2,383
지스마트글로벌 38169 16239835 20
236
지어소프트 31936 10706965 20
344
청보산업 -5647 5678566 20
525
칩스앤미디어 -13179 4617151 20
369
카스 37133 10947414 20
1,296
컬러레이 -5000 24845000 20
925
케이사인 85 42107047 20
1,063
켐온 28822 25316977 20
532
큐로홀딩스 89 50213011 20
1,115
크리스탈신소재 -169632 31232430 20
2,891
태웅 -114064 9253395 20
617
토필드 -78277 23568654 20
409
티엘아이 1549 7088367 20
882
팅크웨어 -36976 6061236 20
1,004
파라텍 27 5833087 20
3,706
파마리서치프로덕트 -93 4730824 20
352
파이오링크 1265 3716486 20
1,782
펩트론 -19815 6014714 20
1,978
평화정공 23283 5766218 20
368
프리엠스 3872 2456346 20
454
플랜티넷 1714 5557728 20
4,025
하나머티리얼즈 -275457 8018686 20
787
하이텍팜 4735 3875265 20
682
한국선재 1 14646002 20
310
한국정보공학 6422 4119721 20
458
한국큐빅 -31940 7185169 20
4,120
한글과컴퓨터 274359 11388568 20
427
한솔시큐어 -12872 3383313 20
606
한프 -113906 27107977 20
1,475
현성바이탈 10 8491480 20
493
현우산업 -5517 8764755 20
471
화신정공 -49597 18950523 20
406
흥구석유 3098 5032142 20
881
힘스 -1237 3311260 20
1,765
CSA 코스믹 32492 15913738 20
2,168
EDGC -1472118 18555110 20
1,583
GRT 53064 33051407 20
3,010
JW신약 17620 28554854 20
8,452
JYP Ent. -259343 21497269 20
459
KD건설 1597 344691714 20
1,961
KTH -1157 11743900 20
1,063
MP그룹 0 30868372 20
1,094
고려시멘트 2 9474569 20
484
고려신용정보 -4784 6176171 20
423
기산텔레콤 30918 9238482 20
1,272
나이스디앤비 -6418 4465010 20
808
네오디안테크놀로지 -63866 27116093 20
1,296
넥스트BT 30 37088607 20
3,988
녹십자셀 16857 8168948 20
832
녹십자엠에스 0 3099898 20
2,437
농우바이오 29572 6746641 20
246
누리플랜 -13939 2567440 20
382
대신정보통신 -621 33285012 20
656
대창솔루션 -19211 14107760 20
779
대호피앤씨 221 35878486 20
4,347
대화제약 5631 12366885 20
979
더블유에프엠 1 17054579 20
594
데일리블록체인 -38427 19298961 20
397
동국알앤에스 1358 7501082 20
929
동우팜투테이블 -29826 12625334 20
585
디바이스이엔지 -58628 3560124 20
1,521
디에이테크놀로지 2723 6306280 20
911
라온시큐어 36784 25075954 20
3,484
레고켐바이오 -97287 7391672 20
486
로보로보 0 7177726 20
1,276
룽투코리아 -1979 10958452 20
861
리노스 2 25477566 20
2,088
리드 47418 47119411 20
354
맥스로텍 -9120 19584132 20
612
메가엠디 1 9545503 20
2,058
메디프론 965792 28104892 20
613
무림SP 2457 8543154 20
940
미래나노텍 317946 15348082 20
1,369
바이오닉스진 1770 11288700 20
1,804
바이오리더스 14231 13792947 20
412
버추얼텍 148202 20473642 20
7,974
비에이치 -125000 22692277 20
657
빅텍 5001 16388600 20
778
삼강엠앤티 -261194 7725797 20
304
삼보산업 -117 1956711 20
4,568
삼표시멘트 -42300 27352498 20
344
서연탑메탈 25721 5657200 20
2,158
선데이토즈 -152665 5923844 20
858
선익시스템 5852 2994430 20
277
세진티에스 0 4050886 20
875
세코닉스 -223362 6315010 20
517
솔루에타 0 8026516 20
1조352
솔브레인 -45489 9402534 20
321
솔트웍스 2070 6358493 20
549
수성 0 5757948 20
849
신일제약 -27943 3505712 20
7,051
실리콘웍스 279921 9149313 20
619
쎄니트 1 15222771 20
2,784
씨티케이코스메틱스 -88527 3254849 20
6,207
아난티 -111334 26160695 20
637
아시아경제 1 13669430 20
1,511
아이디스홀딩스 -1387 3666435 20
4,505
아이리버 17914 15935677 20
1,293
아이쓰리시스템 -31467 3956310 20
1,771
아이원스 66630 8022284 20
2,094
아이진 627 9405939 20
540
아이컴포넌트 892 5343687 20
1,480
안국약품 350 4970447 20
631
알비케이이엠디 -4093 73081143 20
1,117
앤디포스 2883 4149771 20
657
에스넷 30001 10916293 20
3,204
에스맥 -9853 163443993 20
1,109
에스앤더블류 -17734 2369990 20
567
에스에이티 -82630 15671712 20
1,016
에스엔유 1793 19765349 20
437
에스엔피월드 -80974 2276660 20
6,520
에스티팜 56952 7749488 20
730
에이앤티앤 0 13058201 20
4,015
에이치엘비생명과학 556905 24587356 20
1,584
에이치엘사이언스 -155 1500725 20
844
에이테크솔루션 0 4976129 20
3,755
에이티젠 -1042 15471929 20
436
에치디프로 1337 11582606 20
1,192
에프엔씨엔터 -62629 5833377 20
1,181
엠에스씨 0 4883840 20
1,357
엠플러스 29630 3597000 20
979
영인프런티어 0 11937264 20
726
오디텍 35245 8193678 20
1,119
오로라 -65766 4610193 20
1,139
옵트론텍 -40313 17251749 20
385
와이비엠넷 1 4902803 20
1,931
와이오엠 0 7552785 20
558
우림기계 67 6006853 20
960
우주일렉트로 -22315 4908180 20
647
우진비앤지 1 10584750 20
1,462
윈스 152031 5883748 20
2,087
유니슨 -181461 77969394 20
1,831
유니테크노 905 3279946 20
852
유라테크 132 3424755 20
1,122
유앤아이 -38368 4450120 20
1,151
이그잭스 164 39805281 20
1,975
이화전기 874 498128528 20
3,462
인바디 -35502 9560240 20
3,966
인터로조 -12992 7138086 20
442
인터엠 1 11681378 20
4,047
인터플렉스 -37576 12169122 20
436
일지테크 28125 6958483 20
914
제닉 87057 5071565 20
362
제이엠아이 17716 20564848 20
544
조광ILI 57721 4799668 20
563
지니언스 2905 3727444 20
1,509
지엘팜텍 -211998 22801032 20
1,818
지엠피 -130738 23518268 20
596
지와이커머스 1 16104207 20
2,336
진로발효 553 1428130 20
2조1,873
컴투스 -7508 7417433 20
549
케이디켐 -25368 1052512 20
421
케이씨티 35139 6290000 20
774
케이엘넷 -2493 16608137 20
4,500
케이엠더블유 83528 7455851 20
424
케이피에스 -4307 1749680 20
1,762
코디엠 9974 114061416 20
335
코리아에스이 3243 9707855 20
2,779
큐렉소 -3687 19527774 20
2,188
큐로컴 -66335 90904701 20
1,060
크루셜텍 -1580 40233527 20
4,983
크리스탈 -252496 23092479 20
3,663
클리오 -8435 3979159 20
851
태양 -10918 2183778 20
3,460
테라젠이텍스 -42729 25248905 20
1,604
팜스웰바이오 -312184 24914466 20
572
팬스타엔터프라이즈 -54 30163525 20
2조8,702
펄어비스 11849 6035727 20
467
포시에스 -53853 3076281 20
1,565
퓨쳐스트림네트웍스 4 25731420 20
253
플레이위드 11279 2685015 20
2,256
피앤이솔루션 170627 9068916 20
1,429
한국정보인증 1267 15003735 20
257
한솔인티큐브 0 7782319 20
598
한송네오텍 -1026014 16231138 20
2,504
한스바이오메드 15462 6570105 20
430
한일단조 -74067 20253039 20
1,097
한일진공 3 46106094 20
342
한창산업 -108 2189847 20
2,854
해마로푸드서비스 1166919 28105063 20
1,379
홈센타홀딩스 -473416 40999851 20
366
화신테크 -37784 5102847 20
738
화진 -326 19211439 20
1,456
휴비츠 287908 7656827 20
612
흥국 -50556 5809256 20
497
GMR 머티리얼즈 -45382 38885688 20
1조2,574
GS홈쇼핑 23694 2810359 20
2,125
HB테크놀러지 2610078 48545781 20
2,067
ISC -64375 8115723 20
223
ITX엠투엠 10631 11154097 20
1,196
KNN 6647 57910533 20
937
KT서브마린 1 12469125 20
1,770
NEW -263545 13618286 20
511
NE능률 -14 4103206 20
6,405
NICE평가정보 62820 30641689 20
1,815
SBI인베스트먼트 699955 90462132 20
672
iMBC 1 9599314 20
742
고려제약 0 5392342 20
363
구영테크 -49562 7800007 20
703
금강철강 134716 5728420 20
964
나라엠앤디 77762 9850374 20
659
나무가 -3284 2168501 20
2,565
넷게임즈 -112096 6444193 20
4,342
뉴트리바이오텍 -48131 9913541 20
2,151
다나와 30659 6085290 20
986
대륙제관 4047 5215890 20
1,066
대성엘텍 -263 23734971 20
890
대성창투 -24 19933200 20
759
대양제지 -9779 12937501 20
847
대정화금 -18378 3373830 20
595
대주산업 -9898 21811677 20
1,597
동성화인텍 -366179 13560472 20
334
동양에스텍 26721 4399250 20
798
동양이엔피 13280 4358040 20
309
동일철강 11712 1794986 20
1,930
드림시큐리티 0 13978418 20
719
디스플레이텍 936 11686546 20
2,327
디에이치피코리아 45233 9074373 20
428
디케이디앤아이 -8379 8711201 20
692
랩지노믹스 -32017 7430879 20
1,705
레드로버 378963 42080820 20
1,962
매일홀딩스 32886 4109480 20
601
미래생명자원 -661129 6199785 20
1,168
바른손이앤에이 -55741 43937538 20
604
바이오로그디바이스 1 20188763 20
1,558
바이오톡스텍 -99862 10578138 20
3,421
뷰웍스 -3584 5984776 20
1,181
빅솔론 -1207 10256112 20
605
삼영이엔씨 -7907 4869374 20
538
상보 -3230 22258645 20
441
샘코 -3691 3933230 20
600
서암기계공업 -47461 4415363 20
498
서연전자 91 13267608 20
1,294
선광 45977 2852315 20
531
성우전자 -48 9076613 20
880
세화피앤씨 1 13668065 20
2,523
쇼박스 42557 26400200 20
1,628
슈프리마 -91636 4317455 20
601
슈프리마에이치큐 -39 5385567 20
3,170
슈피겐코리아 14319 1946765 20
668
시큐브 -40902 23363062 20
682
신라섬유 1 6934165 20
379
신화콘텍 -40175 6209435 20
2,043
심텍 -26779 13288730 20
439
씨유메디칼 -43209 12873548 20
2,415
씨티씨바이오 -8563 13570341 20
1,893
아미노로직스 763 61043600 20
1,142
아바코 5412 7938964 20
1,057
아바텍 79260 4286122 20
1,058
아스타 -23141 2329024 20
892
아이에스이커머스 1 5858088 20
2,792
아이큐어 -113124 4748833 10
4,296
아트라스BX 4772 955208 20
715
애니젠 -2943 3744282 20
1,394
액토즈소프트 2477 4783435 20
2,443
에스디생명공학 -202787 9659926 20
1,633
에스트래픽 -122580 9183143 20
1,547
에이스테크 176757 21880064 20
1,589
에이씨티 -249062 19348319 20
680
에이아이비트 761 43234582 20
604
에이텍 128720 5984393 20
8,715
에코프로 786313 18079725 20
1,096
엑세스바이오 -26172 20152592 20
662
엑시콘 -14936 4057736 20
935
엔지스테크널러지 0 1752450 20
845
엔텔스 -693 4484253 20
698
엠게임 0 16029660 20
451
영우디에스피 15 9156008 20
1,520
오가닉티코스메틱 -598756 31639465 20
574
오리콤 0 3770285 20
4,742
오스코텍 -241806 19366859 20
1,113
오스템 -9752 17586866 20
2,385
와이아이케이 -676126 16103589 20
1,290
우리기술 4 78436316 20
3,919
우리기술투자 426666 50210109 20
503
우리넷 -14266 3481630 20
580
우리로 -29851 19209555 20
353
우리이티아이 -847 24698621 20
711
우정바이오 65792 12971906 20
906
월덱스 324583 8051605 20
404
유니온커뮤니티 32708 9016620 20
925
유성티엔에스 2 11762983 20
510
유신 -4985 1512624 20
5,296
유진기업 -516946 42947685 20
1,906
유진로봇 52248 18244178 20
461
유테크 14985 12298115 20
725
이라이콤 5856 6543402 20
937
이엘피 41607 3689415 20
808
이지웰페어 4592 6659871 20
1,819
이크레더블 -1804 3206796 20
790
인베니아 -6 11648000 20
559
인지디스플레 -274 22043886 20
2,190
인터파크 215865 7645003 20
1,769
인트로메딕 2409 14485656 20
4,940
인트론바이오 -29055 9971364 20
939
일진파워 48045 5410870 20
557
잉크테크 -4096 12142199 20
774
장원테크 -29396 2069500 20
252
제너셈 -6092 4879106 20
1,020
제로투세븐 87098 3800470 20
2,760
제이브이엠 7815 2092084 20
863
제이스테판 666 201543687 20
769
제이씨케미칼 0 6370774 20
569
제이엠티 -42237 8346134 20
1,650
조이시티 3139 6371851 20
418
중앙에너비스 -440 307523 20
713
지란지교시큐리티 -105251 14810444 20
480
지에스이 -6358 14203295 20
1,958
진성티이씨 15430 10538978 20
1,517
청담러닝 122156 4355853 20
1조6,465
카페24 -183306 5755791 20
1,999
케어랩스 -243979 2303270 20
8,014
케어젠 -25433 3422548 20
965
케이엠 2000 5864028 20
669
케이프 -115165 18026350 20
814
켐트로닉스 -26046 8118424 20
329
코닉글로리 103921 41940922 20
353
코디 0 6678054 20
421
코렌 4995 23511820 20
2,236
코리아나 7487 23019966 20
8,228
코오롱생명과학 -4645 7351763 20
1,836
키이스트 -317052 57998398 20
2,875
태광 -48361 9556932 20
995
텔루스 26869 72206462 20
603
파워넷 -10057 5252873 20
591
파인디앤씨 1 16988024 20
396
파인텍 -52175 7615606 20
4,257
파트론 -365368 34588865 20
2,568
파티게임즈 0 11991488 20
599
퍼시픽바이오 195 48130934 20
1,023
하이즈항공 2443 8915493 20
646
한국가구 227 979089 20
1,813
한국알콜 -89855 10045312 20
203
한국정밀기계 0 3935489 20
895
한빛소프트 2 16019837 20
454
한컴유니맥스 -74973 6380759 20
297
한컴지엠디 -61900 5815512 20
542
한탑 1 9813785 20
1,315
해성산업 -8 3626545 20
309
핸디소프트 1205 3253556 20
307
행남사 0 9342367 20
1,572
현대아이비티 2 29183436 20
927
현대통신 -28813 5306832 20
968
화일약품 -3566 8797779 20
550
휘닉스소재 202 57358013 20
523
휴마시스 1 23182947 20
2,926
휴메딕스 2768 5007515 20
7,964
휴온스 83468 4472558 20
575
흥국에프엔비 -17736 3310801 20
3,322
AP시스템 323047 10563564 20
321
C&S자산관리 0 6583245 20
973
EMW 3563 23433264 20
2,306
KG모빌리언스 173136 12819557 20
4,869
KG이니시스 -734499 16164368 20
5,929
RFHIC 418349 10833730 20
413
S&K폴리텍 -481997 6741720 20
2,653
SFA반도체 11359 65585972 20
1,570
SG -78948 5773279 20
829
THE E&M 360847 40184000 20
1,508
감마누 0 12319421 20
380
네오오토 18948 3316211 20
843
넥스지 0 4481180 20
248
넥스트리밍 -5444 2900409 20
1,784
넥스트아이 67321 26078980 20
1,048
누리텔레콤 -84254 6691066 20
878
대동스틸 -78090 6251303 20
395
대한과학 -17434 5148776 20
4,683
대한광통신 -2488720 54297599 20
1,616
데브시스터즈 6679 4268525 20
2,382
동구바이오제약 8662 5654430 20
394
동양피엔에프 9961 4481073 20
731
동운아나텍 99507 6793280 20
3,519
동원개발 -181076 32670415 20
623
동일금속 17414 2396372 20
4,264
동화기업 -15646 2204419 20
682
드래곤플라이 -5051 9437701 20
1,282
디딤 189229 7997232 20
374
디젠스 -732647 20961822 20
628
디케이락 -17559 4159982 20
3,144
레이언스 96004 5172701 20
1,674
루멘스 -8566 39708593 20
3,016
루트로닉 44598 18987902 20
1조136
리노공업 40612 5900140 20
723
리켐 0 1953062 20
803
링크제니시스 -16157 6300739 20
318
마이크로컨텍솔 17889 5648527 20
672
마제스타 0 34084182 20
850
매커스 294159 9486330 20
2,068
멀티캠퍼스 1239 2185707 20
1,752
메가스터디 16266 3358774 20
5,171
메지온 191139 5353079 20
241
멕아이씨에스 -13346 3697724 20
731
멜파스 1495 15174851 20
1,665
모다 0 17349581 20
430
바른손 3 10983301 20
741
바른전자 -329 60168709 20
1,089
바이오제네틱스 -10625 7106929 20
1,068
배럴 -932668 3452207 20
510
백금T&A -44632 11442655 20
1,428
보성파워텍 2 38498401 20
761
비츠로시스 2852 36886704 20
1조863
상상인 90838 29321805 20
1,085
서울리거 1 16540771 20
677
서울전자통신 -385 35630866 20
857
서울제약 0 4084604 20
582
서진오토모티브 -19 6617535 20
2,446
서희건설 140512 117112041 20
3,032
성광벤드 353913 13407844 20
489
성창오토텍 -11057 3496360 20
170
세동 -68 10521288 20
1,752
세운메디칼 -116635 18350920 20
1,096
소리바다 123261 50057995 20
567
시스웍 0 8892180 20
648
신진에스엠 5032 4464103 20
2,771
썸에이지 1531352 34933903 20
1,691
쏠리드 -137166 29443712 20
1,571
씨아이에스 134063 39384246 20
252
씨엔플러스 142721 32056991 20
519
씨케이에이치 -229779 79738801 20
1,079
아리온 12555 64434820 20
574
아세아텍 -76193 9251650 20
437
아이씨케이 2 22697310 20
609
아이앤씨 -44446 11228545 20
544
아이엠텍 1 19074348 20
951
아이텍반도체 -23887 3723932 20
522
아이티센 -9472 12168613 20
720
아진산업 -91052 18002503 20
5,428
안랩 15644 5825283 20
1,172
알서포트 82303 21846361 20
1,252
알에스오토메이션 16 5136484 20
471
에너토크 -13290 6220684 20
701
에스씨디 45 16312527 20
927
에스에너지 -40751 10185771 20
231
에스제이케이 9253 31599210 20
1,071
에스텍 -50027 2996900 20
329
에스폴리텍 39374 10445036 20
717
엔시트론 -859454 84167148 20
1,136
엔터메이트 -39998 30243809 20
1조2,599
엘앤에프 239572 13728964 20
1,060
엘앤케이바이오 -70340 6003146 20
695
엠벤처투자 0 77772904 20
1,668
예스티 214596 6922103 20
1,700
오상자이엘 0 11226508 20
780
오션브릿지 -145066 3900093 20
3,455
올릭스 175996 4079307 6
1,102
옴니시스템 -22906 31970713 20
825
옴니텔 135329 16776202 20
201
옵토팩 -12356 3454305 20
700
와이디온라인 1 18580737 20
3,988
와이솔 592528 17950111 20
1,187
와이제이엠게임즈 2 33299650 20
6,656
와이지엔터테인먼트 1044642 11057159 20
444
와토스코리아 13783 2872756 20
704
우원개발 -910941 9672216 20
1조628
원익IPS -229462 21758631 20
2,491
웨이브일렉트로 -1000 7473489 20
424
위즈코프 -192 22767068 20
546
유니트론텍 0 5945450 20
2,291
유비케어 67485 23253051 20
319
유아이디 0 5946198 20
2,463
유에스티 -29054 2971012 20
513
이글벳 0 6811324 20
790
이녹스 8650 2342953 20
302
이미지스 859 5366627 20
4,291
이베스트투자증권 2215 1050010 20
886
이상네트웍스 -10588 3802204 20
341
이씨에스 -7708 4874613 20
1,064
이에스브이 32076 96560117 20
612
이엘케이 -12585 57504441 20
378
이즈미디어 958 3695419 20
2,589
인콘 9665 11609073 20
378
인텍플러스 -20126 8201114 20
448
인화정공 -3754 3954876 20
930
잉글우드랩 -22001 10971035 20
648
자연과환경 2 32249347 20
1,396
전파기지국 1260 15630759 20
874
제룡산업 -36232 6038496 20
7,152
제이콘텐트리 2084615 56226984 20
392
제일테크노스 21817 5535586 20
945
지엔씨에너지 147825 10363760 20
7,315
지트리비앤티 50840 20761553 20
475
진양제약 0 7484367 20
7,032
차바이오텍 -34935 36424374 20
821
차이나그레이트 255 61755646 20
726
코렌텍 943 7756880 20
1,179
코아시아홀딩스 -8009 7433907 20
1,218
코콤 6241 6220644 20
409
큐에스아이 17683 5242139 20
1,020
크린앤사이언스 55278 4117139 20
2,965
클래시스 -602 7093454 20
300
테라셈 190289 7668450 20
4,112
테스 9644 13432885 20
2,768
테크윙 -52893 9729884 20
1,432
텔레칩스 21415 6272077 20
307
텔레필드 -30531 6052971 20
5,622
텔콘RF제약 195008 70048660 20
465
토박스코리아 -7700 20020184 20
949
파버나인 0 5791390 20
1,471
파워로직스 -60063 22767360 20
878
파인테크닉스 -33229 24578810 20
1,000
팍스넷 0 7018682 20
1,210
푸른기술 31515 4407146 20
1,040
퓨쳐켐 79156 3334966 20
422
프럼파스트 8626 6603561 20
1,552
피엔티 97475 6448777 20
684
피제이전자 -35072 2956470 20
712
하이로닉 83429 6303491 20
2,294
하이비젼시스템 -12310 10006182 20
2,406
한국기업평가 -7 1121480 20
322
한네트 9390 6350112 20
767
한라IMS 0 4747135 20
3,159
한양이엔지 -183949 8112346 20
1,832
휴맥스 -113218 8655988 20
613
희림 -1852 7136636 20
~~~~~~~~~~~~~~~~~~~~~~~~~~~~~~~~~~~~~~
['에코마케팅', '1,871', 0, 0, 2, 5, 5]
[71, 83, 40, 0, 0]
['20', '16', '12', '8', '4']
에코마케팅 1,871억 0% 0% 2% 5% 5%
['헝셩그룹', '1,124', 6, 5, 1, 0, 0]
[0, 0, 20, 125, 200]
['20', '16', '12', '8', '4']
헝셩그룹 1,124억 6% 5% 1% 0% 0%
['아모텍', '3,780', 0, 0, 3, 5, 6]
[85, 83, 60, 0, 0]
['20', '16', '12', '8', '4']
아모텍 3,780억 0% 0% 3% 5% 6%
['나노신소재', '2,642', 0, 1, 6, 6, 6]
[85, 100, 120, 25, 0]
['20', '16', '12', '8', '4']
나노신소재 2,642억 0% 1% 6% 6% 6%
['다믈멀티미디어', '492', 1, 4, 4, 4, 4]
[57, 66, 80, 100, 33]
['20', '16', '12', '8', '4']
다믈멀티미디어 492억 1% 4% 4% 4% 4%
['위메이드', '7,199', 3, 1, 1, 1, 0]
[0, 16, 20, 25, 100]
['20', '16', '12', '8', '4']
위메이드 7,199억 3% 1% 1% 1% 0%
['HB테크놀러지', '2,125', 1, 3, 4, 4, 5]
[71, 66, 80, 75, 33]
['20', '16', '12', '8', '4']
HB테크놀러지 2,125억 1% 3% 4% 4% 5%
['썸에이지', '2,771', -1, -2, 4, 4, 4]
[57, 66, 80, 0, 0]
['20', '16', '12', '8', '4']
썸에이지 2,771억 -1% -2% 4% 4% 4%
['와이지엔터테인먼트', '6,656', 0, -1, 2, 6, 9]
[128, 100, 40, 0, 0]
['20', '16', '12', '8', '4']
와이지엔터테인먼트 6,656억 0% -1% 2% 6% 9%
