        name    code
0    CJ프레시웨이  051500
1      DB라이텍  045890
2  GMR 머티리얼즈  032860
3  IBKS제5호스팩  254120
4  IBKS제8호스팩  277410
3,929
CJ프레시웨이 -118002 11871586 20
453
DB라이텍 2905 26586229 20
518
GMR 머티리얼즈 -1 67558840 20
1,155
KCI 69477 11270000 20
927
KT서브마린 -20000 21900000 20
495
NE능률 -56 13497842 20
3,078
NHN한국사이버결제 -513197 21597493 20
1,102
SCI평가정보 1999 35500000 20
840
SG&G -830 34087196 20
1조8,975
SK머티리얼즈 -46044 10547673 20
1,052
SM Life Design 232046 44190228 20
443
골드퍼시픽 0 8866148 20
506
구영테크 -20337 19794174 20
586
국영지앤엠 443914 34895243 20
354
국일신동 3981 11090000 20
626
글로벌에스엠 -333 53743968 20
1,404
나노캠텍 361391 19998251 20
5,437
나스미디어 66858 8754691 20
441
네오티스 -14856 11013678 20
351
네이블커뮤니케이션즈 8914 6530014 20
1,688
넥스턴 0 11846520 20
256
넥스트리밍 3007 7016911 20
1,939
넵튠 400 19522052 20
975
녹십자엠에스 0 9560000 20
2,559
다날 17486 54216498 20
1,829
다산네트웍스 -441099 28395322 20
1,005
대륙제관 6501 15903199 20
621
대성파인텍 0 31301281 20
625
대주산업 -10031 35392350 20
779
대호피앤씨 -26 73112826 20
626
데일리블록체인 363719 28992716 20
876
동운아나텍 86062 12482843 20
298
동일철강 4132 7345085 20
662
디에스티 -12 9799973 20
1,291
디에스티로봇 24613 69213763 20
2,617
디에이치피코리아 20583 16564797 20
1,787
디에이테크놀로지 -51 8312193 20
672
디에이피 0 22744503 20
689
디엔에이링크 -2749 10737800 20
387
디젠스 -379818 32628051 20
1,077
디지털대성 -28284 22444723 20
818
라이브플렉스 358 83243054 20
1,554
라이온켐텍 -804 15386005 20
508
램테크놀러지 -30 11426716 20
797
랩지노믹스 -27605 9039414 20
2,738
로보스타 72121 7800000 20
1,334
로스웰 -3007 90781250 20
346
로지시스 -2786 9340922 20
829
멜파스 14393 21257151 20
621
무림SP 1458 22137500 20
1,214
미코 -40145 31316603 20
1,198
바른손이앤에이 -37883 67895702 20
2,310
바이오리더스 30377 15930310 20
3,186
뷰웍스 3670 10001865 20
1,790
브레인콘텐츠 -532 158418281 20
2,625
비츠로셀 -197049 19590431 20
747
빅텍 4999 24500000 20
963
삼기오토모티브 371485 30827256 20
1,372
삼보판지 -14659 14700000 20
4,343
삼표시멘트 -6982 107357173 20
643
상신전자 -34456 3921000 20
2,204
상아프론테크 30941 14263536 20
3,418
성광벤드 50195 28600000 20
591
성창오토텍 -835 7300000 20
614
세중 -525409 18121667 20
680
손오공 -52 21896161 20
715
솔고바이오 18537 119725785 20
623
슈프리마에이치큐 -43147 10471840 20
1,369
시너지이노베이션 0 56813951 20
676
신라섬유 -1 24277540 20
649
신진에스엠 1718 8972183 20
623
신화인터텍 6993 29135091 20
1,148
싸이맥스 -21804 10576294 20
367
쌍용정보통신 166 40464034 20
3,041
썸에이지 114270 76020529 20
7,516
씨젠 -22081 26234020 20
2,723
씨티씨바이오 -21651 17625133 20
1,664
아가방컴퍼니 -5987 32887536 20
1,476
아비코전자 532851 13292934 20
1,140
아이에스이커머스 22678 25514093 20
5,653
아프리카TV 211694 11305067 20
3,013
야스 -100062 12930000 20
2,869
에스디생명공학 -319231 22415066 20
7,779
에스모 2726914 87508375 20
785
에스앤에스텍 -40716 19735331 20
814
에쎈테크 -220 72000000 20
3조3,190
에이치엘비 -51263 36592969 20
667
에이텍 54672 8260000 20
465
에이텍티앤 -949 5340000 20
446
에이티세미콘 -8105 64643777 20
468
에코플라스틱 16625 25669370 20
1,261
에프엔씨엔터 -69640 14364880 20
810
엑시콘 8360 8883500 20
453
엔에스엔 37464 20588344 20
1,398
엠씨넥스 -167845 9196390 20
1,350
엠플러스 -6164 5111890 20
343
연이정보통신 0 16000000 20
453
영우디에스피 0 12184466 20
894
예스24 -480 17200000 20
406
와이비엠넷 -18 16312697 20
2,410
와이아이케이 -262074 61788456 20
2,362
와이엠티 -47830 7405200 20
476
원풍 0 12000000 20
8,616
웹젠 -38360 35310884 20
382
유니온커뮤니티 38942 14679007 20
4,364
유니테스트 40363 21134126 20
3,735
유진테크 -606207 22916042 20
1,146
유티아이 8917 5332145 20
426
이건홀딩스 -235 14327078 20
347
이디 302 56253409 20
2,295
이수앱지스 -204384 26625292 20
481
이스트아시아홀딩스 591 109000686 20
344
이씨에스 2855 7500000 20
3,948
인바디 184359 13683782 20
1,524
인탑스 -28343 17200000 20
433
인터불스 -823 8662158 20
1,637
인피니트헬스케어 -1 24396458 20
3,294
제낙스 -39598 22486744 20
810
제룡산업 40100 10000000 20
1,854
제우스 114658 10384000 20
507
진바이오텍 9663 8610587 20
1조5,865
카페24 -213495 8948157 20
777
케이맥 9884 7034196 20
476
케이씨에스 -183 12000000 20
470
케이피에스 -39125 4270000 20
3,722
코스메카코리아 -43195 10680000 20
4,978
코웰패션 401430 90500234 20
1,281
코콤 6241 17530500 20
416
큐에스아이 0 8278230 20
645
크로바하이텍 1462 13000000 20
4,910
클리오 11629 16958895 20
569
토박스코리아 -3152 37682487 20
8,032
티씨케이 18470 11675000 20
2,263
티케이케미칼 -497004 90895434 20
387
파수닷컴 -3792 9212237 20
1,503
파워로직스 53323 34286030 20
652
파인디앤씨 -12001 24068137 20
2,783
파크시스템스 100881 6635055 20
466
판타지오 27 72703943 20
2조8,205
펄어비스 118416 12733500 20
2조7,881
포스코켐텍 1368968 59070000 20
1,712
프로텍 94903 9460203 20
303
피씨디렉트 -1505 7540136 20
822
하이텍팜 1774 7088782 20
751
한국코퍼레이션 19399 26312841 20
2,750
한스바이오메드 59485 9857857 20
423
한일화학 5631 3510000 20
767
한프 -1 35444407 20
910
현대통신 -8295 8625000 20
1,430
홈센타홀딩스 -514265 84850378 20
559
휴마시스 -100000 27724009 20
1,664
GRT 65820 67375000 20
598
HRS 70312 16354800 20
2,275
ISC 102371 13869854 20
217
ITX엠투엠 32185 16466131 20
743
KB오토시스 -296 11500000 20
1,372
KG ETS 149189 36000000 20
277
KJ프리텍 15889 21997148 20
807
KPX생명과학 -37815 15000000 20
1,063
MP그룹 0 80808407 20
1,500
MP한강 -23552 56831270 20
2,787
SFA반도체 -3237825 141121631 20
1,540
SIMPAC Metal 69698 13000000 20
1,932
SV인베스트먼트 -1778028 26617000 2
1,050
국순당 298 17858304 20
668
그랜드백화점 -3674 4820000 20
722
금강철강 91945 18720000 20
2,143
나노신소재 133552 10848333 20
3,802
네오위즈 -346305 21915008 20
1,324
네오위즈홀딩스 -781 8856866 20
843
넥스지 0 8070924 20
1,022
넥스트칩 15910 13447500 20
1,316
뉴로스 -139386 19152272 20
538
뉴인텍 56 49125160 20
1,053
대봉엘에스 2422 11086579 20
635
대성미생물 -92 3800000 20
1,054
대유위니아 -91749 35967295 20
1,540
덕산하이메탈 37874 22718501 20
515
데이타솔루션 -10036 15718580 20
2,280
덱스터 89765 23701248 20
1,654
동국산업 47953 54244482 20
571
동신건설 -675 8400000 20
480
디엠티 529 11250000 20
625
딜리 22067 29350000 20
4,294
레고켐바이오 -28713 10589882 20
1,538
레드캡투어 34292 8589480 20
1,702
루멘스 20200 47276784 20
2,888
리더스코스메틱 -63573 17939517 20
1,992
리드 -3872 73769854 20
672
마제스타 0 45529070 20
1,982
매일홀딩스 -10432 13718304 20
5,027
모두투어 -351828 18900000 20
1,681
모트렉스 -19142 5450109 20
880
미래나노텍 6259 23289533 20
3,732
바디텍메드 -46196 23325311 20
3,395
바이넥스 -350178 31731048 20
1,327
바이오닉스진 -1700 15993536 20
634
바이오로그디바이스 0 27402512 20
1,989
보광산업 -20312 34470000 20
2,523
브이원텍 47299 7366090 20
760
비디아이 12000 5280500 20
365
빛샘전자 -1097 6000000 20
1,213
삼보모터스 -10699 14249335 20
335
삼보산업 -99 4125000 20
1,655
삼양옵틱스 -62544 10000000 20
421
삼일기업공사 15207 12400000 20
754
삼현철강 -29925 15702890 20
461
샘코 -3413 7936681 20
1,345
서울옥션 -319798 16917500 20
1,014
서울제약 0 8485499 20
2,018
서한 166342 100894865 20
2,249
선데이토즈 -343232 9569842 20
2조8,972
셀트리온제약 -24143 34044492 20
609
소프트센 -16542 31173753 20
598
수산아이앤티 30469 6751000 20
949
스맥 -10470 27220484 20
543
스카이문스테크놀로지 -3328 17117100 20
1,063
시그네틱스 -81 85728319 20
1,641
씨아이에스 426813 53624705 20
872
씨트리 1092 13848373 20
1,007
씨티젠 -16001 26254825 20
2,002
아미노로직스 12910 87826844 20
1,322
아스타 29666 9442523 20
525
아이씨케이 -67 31179722 20
1,637
아이원스 13898 13415919 20
1,138
아이텍반도체 -23946 5317546 20
8,574
안트로젠 97023 7953631 20
1,188
알서포트 14802 53267083 20
833
애니젠 -16157 5016165 20
1,603
액토즈소프트 0 11330638 20
1,524
양지사 0 15980000 20
899
어보브반도체 22483 17459653 20
459
에너토크 0 9756088 20
640
에스마크 -118238 137654026 20
3,384
에스맥 -9866 215553659 20
1,870
에스에이엠티 39979 99995067 20
1조2,119
에스에프에이 221936 35908760 20
299
에스제이케이 47830 35981654 20
1,135
엑셈 0 33249362 20
6,485
엔지켐생명과학 2827 7674232 20
1조2,087
엘앤에프 190774 24742675 20
3,192
연우 -104430 12398000 20
1,058
영인프런티어 0 17600341 20
1,258
영풍정밀 -94357 15750000 20
1,872
오상자이엘 0 17747882 20
1,362
오성첨단소재 457465 49717899 20
819
오션브릿지 -140770 9124980 20
250
오킨스전자 16664 6200000 20
993
옴니시스템 19232 40679015 20
222
옵토팩 8868 4987409 20
4,454
와이지-원 -233141 30506398 20
7,111
와이지엔터테인먼트 2133895 18185709 20
561
우림기계 508 13500000 20
1,356
우수AMS -1 24694303 20
1,191
원익 206644 17934432 20
530
윈팩 0 34091218 20
550
이글벳 0 11668434 20
1,391
이니텍 15425 19790916 20
678
이매진아시아 -53 35679116 20
8,437
이오테크닉스 -55562 12280626 20
1,043
인텔리안테크 15517 7240944 20
2,062
인트로메딕 2091 15386556 20
1,837
제노포커스 -420798 20999085 20
855
제이스테판 802 260769929 20
1,606
제이씨현시스템 81173 19114432 20
689
제이엔케이히터 -26322 16505372 20
521
조광ILI 161572 9885656 20
4,188
주성엔지니어링 -181207 48249212 20
245
중앙리빙테크 0 22596091 20
420
중앙에너비스 -275 1245426 20
2,927
지니뮤직 827802 49192753 20
2,154
지스마트글로벌 -743725 20810121 20
484
지에스이 -7022 29987597 20
844
지엔씨에너지 92481 16295828 20
1,933
진성티이씨 -610584 22482268 20
8,454
차바이오텍 16669 51705793 20
352
케이엔더블유 -4638 5661347 20
4,307
케이엠더블유 -109850 16100000 20
349
코닉글로리 -1419 47653062 20
903
코세스 310049 16851962 20
2,216
코아스템 -12851 15717440 20
8,354
코오롱생명과학 -21979 11412356 20
2,995
큐렉소 11411 33357253 20
2,671
클래시스 5478 61973077 20
1,042
투윈글로벌 -59901 61670933 20
759
트루윈 1342 10038714 20
713
특수건설 -16495 9994814 20
431
티엘아이 12776 9872720 20
2,121
파나진 -1545 32034160 20
964
파루 4061 29667567 20
3,962
파마리서치프로덕트 -53457 9466217 20
4,419
파트론 -505649 54156410 20
1,237
팜스토리 145057 88347431 20
442
팬스타엔터프라이즈 -758 41124943 20
1,471
팬젠 0 9615781 20
1,465
퓨쳐스트림네트웍스 169012 86921313 20
537
피델릭스 -4468 20567273 20
5,195
피에스케이 -509695 20331604 20
1,048
피에스텍 158712 19669243 20
1,115
하이즈항공 -5707 17696167 20
321
한국정보공학 0 8018397 20
4,095
한국정보통신 -181237 38812743 20
793
한일네트웍스 -1847 11954227 20
293
한컴지엠디 -305968 11766339 20
565
현대공업 17059 15340000 20
573
휘닉스소재 -323 69138942 20
427
흥구석유 -1913 15000000 20
3조8,306
CJ E&M 874003 38732089 20
2,621
EDGC -2217997 35898940 10
462
KD건설 1037 355691714 20
1,212
KNN -22094 132429720 20
5,596
RFHIC 16762 22248959 20
727
SGA 134953 96558937 20
941
W홀딩컴퍼니 3606884 127517483 20
1조3,975
고영 -17881 13687951 20
1,391
국일제지 -415 116391006 20
299
나노 -58945 15705238 20
2조9,009
나노스 -1 490837980 20
888
나이벡 -10842 6367958 20
702
네오디안테크놀로지 -21949 35433958 20
1,081
네패스신소재 -3529 3515737 20
2,848
넥슨지티 -66658 35373322 20
422
뉴보텍 0 24613919 20
1,592
뉴파워프라즈마 -2747 8250337 20
792
대림제지 20180 45000000 20
388
대신정보통신 -554 38428915 20
1,162
대양전기공업 1431 9567333 20
3,798
대주전자재료 185670 14551225 20
596
대진디엠피 13886 13864500 20
1,062
동아엘텍 15081 11150296 20
374
동양피엔에프 0 10713625 20
726
드래곤플라이 -20000 16008491 20
631
디엠씨 0 40042474 20
289
디지아이 19576 9000000 20
270
레이젠 0 29146629 20
808
루미마이크로 14518 42875858 20
1,320
룽투코리아 -5441 24176133 20
9,786
리노공업 40868 15242370 20
835
리켐 0 3867103 20
7,820
매일유업 132189 7843638 20
3,807
메가스터디교육 20228 2324376 20
8,144
메디포스트 43263 7868421 20
260
멕아이씨에스 -2100 5361500 20
1,077
모베이스 -22042 23958188 20
661
모아텍 2652 14331185 20
709
미스터블루 -82199 24338741 20
251
바른테크놀로지 237 32795285 20
1,018
비에이치아이 -7519 26000000 20
2,076
삼본정밀전자 0 9500000 20
985
삼원테크 -283 49266212 20
432
삼일 -22136 16213590 20
1,502
상신이디피 528192 11295050 20
718
새로닉스 0 12423574 20
858
서산 0 20000000 20
533
서연전자 9558 27000000 20
997
서원인텍 -55692 18600000 20
1,446
서플러스글로벌 205383 36988000 20
918
선익시스템 8192 6000000 20
1,844
세운메디칼 -95088 43800000 20
587
세원물산 -3424 8350000 20
1,372
세종메디칼 -163859 6777741 20
695
셀바스헬스케어 14316 13147071 20
1,186
소리바다 312400 56357072 20
2,601
쇼박스 -1233818 62600000 20
606
쎄니트 -296 33832921 20
983
쎄트렉아이 410 3659990 20
362
씨씨에스 45480 85564335 20
1,455
씨엠에스에듀 -154863 18634768 20
1,030
아바코 87939 15996505 20
556
아세아텍 -30920 17500000 20
3,091
아이센스 -5241 13737238 20
461
알톤스포츠 5 12746297 20
414
에스아이리소스 49326 52830995 20
875
에스앤더블류 -11222 7200000 20
2,269
에스에프씨 1 43805405 20
2,715
에스티아이 -109286 15830000 20
282
에스티오 -6038 8455144 20
3,267
에이스침대 13 2218000 20
1,489
에이스테크 -115427 31707378 20
730
에이앤티앤 0 22661761 20
4,989
에이치엘비생명과학 961893 26676909 20
1,615
에이치엘사이언스 -5271 5142148 20
312
에이치케이 -5278 18455787 20
694
에이코넬 -24130 11887296 20
868
에코바이오 -2000 11527492 20
7,444
에코프로 -638051 22090191 20
915
엔브이에이치코리아 36894 28722222 20
1,178
엔터메이트 154961 44197443 20
411
엔피케이 -9047 18723923 20
218
엘디티 7295 6678400 20
1,734
엘비세미콘 -6655 43784592 20
2,192
엠케이전자 13166 21807689 20
271
영신금속 -21777 12832968 20
673
영화테크 19255 5345090 20
1,497
오가닉티코스메틱 -710618 56925000 20
803
오디텍 105371 11746609 20
379
옵티시스 6760 5636000 20
799
와이엔텍 -151279 18199659 20
471
우리넷 -3282 6365710 20
1,586
우리손에프앤지 -514993 69237643 20
285
우리조명 -33891 24923346 20
644
우원개발 -911240 15748267 20
991
우주일렉트로 -7490 9934220 20
2,931
위닉스 371657 17873425 20
461
위즈코프 70 37157072 20
468
윈하이텍 1187 9863089 20
1,082
유니크 4561 19320695 20
580
유니트론텍 0 9931950 20
1,613
유바이오로직스 6703 25288486 20
1,027
유지인트 126 79885108 20
4,453
이베스트투자증권 16290 40481190 20
986
이엘피 47319 4905500 20
4,530
이지바이오 -377855 57927351 20
869
이지웰페어 -40307 9893000 20
2,068
인크로스 353813 7983536 20
4,222
인터플렉스 -61489 23327472 20
428
인텍플러스 -10865 11043483 20
515
인포마크 -103 3628208 20
925
제로투세븐 17038 12290000 20
336
제이엠아이 -483 32579342 20
599
제이엠티 -101296 16748240 20
1,399
제주반도체 -143938 28560538 20
927
조이맥스 -36825 8505234 20
1,644
조이시티 -61855 11783395 20
248
지어소프트 31 13781805 20
1,857
지엠피 -229344 25894503 20
1,420
창해에탄올 -1130 9190885 20
693
캐스텍코리아 -596318 13877837 20
1,275
캠시스 77034 57806604 20
8,251
케어젠 22480 10743000 20
399
케이씨티 3948 17150000 20
410
케이씨피드 -3406 16715858 20
353
코디 0 19686576 20
1,678
코디엠 6636 141563497 20
2,265
코스온 -23460 18490620 20
6,480
텔콘RF제약 -41155 76692219 20
1,379
토비스 350 16717058 20
2,414
투비소프트 -383826 21947823 20
444
파인디지털 5308 10210765 20
695
퍼시픽바이오 161 47410004 20
1조794
포스코 ICT 13024 152034729 20
702
피앤텔 -1 30786591 20
701
피제이전자 -18850 10000000 20
675
픽셀플러스 3267 8166558 20
1,115
하나마이크론 -103114 22727078 20
636
하츠 76034 12800000 20
324
핸디소프트 2883 7463009 20
1,429
현대정보기술 21288 59537195 20
639
화성밸브 55695 7280000 20
407
화신테크 -20751 9700000 20
8,740
휴온스 44101 8168085 20
571
흥국에프엔비 -16030 7341291 20
1,079
APS홀딩스 20800 20394221 20
5,145
CMG제약 -171775 108887244 20
636
EG -959 7500000 20
367
GH신소재 -1592 11000000 20
699
GST 78092 9317745 20
5,790
KG이니시스 -354169 27904434 20
6,709
NICE평가정보 681079 60714820 20
1,718
SBI인베스트먼트 508795 162066575 20
2,850
SK바이오랜드 67415 15000000 20
897
YTN 86373 42000000 20
851
고려제약 0 11000000 20
1,975
골프존뉴딘홀딩스 -108192 42836818 20
1,513
광림 -1287047 48498486 20
260
광진실업 -2941 6405405 20
1,480
나노엔텍 -25625 25652586 20
1,386
나이스디앤비 -365 15400000 20
1,108
남화토건 -149973 11740000 20
4,363
녹십자셀 -1048 11695939 20
1,037
누리텔레콤 -43635 12055535 20
4,641
뉴트리바이오텍 -40386 20628000 20
2,456
뉴프라이드 0 79475293 20
3,439
다원시스 -66231 25855500 20
2,671
대명코퍼레이션 -446212 100800450 20
854
대성창투 26 40000000 20
735
대창스틸 -12749 20000000 20
1조24
더블유게임즈 34394 18160276 20
942
동우팜투테이블 1960 25831764 20
249
두올산업 58355 13015270 20
1,688
드림시큐리티 -2 35805754 20
1,126
디딤 309802 35201905 20
796
디알텍 -915427 44209006 20
690
디지탈옵틱 -12130 49126747 20
584
디케이락 31494 8232912 20
976
디티앤씨 -3082 9854054 20
515
로보로보 100306 17798454 20
672
로체시스템즈 -25807 15296603 20
1,594
리드코프 22809 26749230 20
335
마이크로컨텍솔 8947 8312766 20
2,434
매직마이크로 446153 48737822 20
356
맥스로텍 -24028 24866457 20
2,077
멀티캠퍼스 2124 5926779 20
632
메가엠디 -28689 22368593 20
481
메이슨캐피탈 341 97204408 20
2,905
메카로 -132762 9981140 20
1,665
모다 0 21160409 20
1,016
모바일어플라이언스 43819 15000000 20
661
미동앤씨네마 1210 13791786 20
2,585
민앤지 286338 11886628 20
3조6,859
바이로메드 -28239 15956260 20
1,154
바이온 4122 44119874 20
515
백금T&A -501585 15168604 20
556
베셀 5135 11192368 20
1,339
보령메디앙스 -5368 11800000 20
932
블루콤 1270 18088047 20
7,911
비에이치 -870905 31269776 20
860
삼강엠앤티 -147795 18966017 20
1,204
삼아제약 -157 6370000 20
570
삼진엘앤디 -5100 24959232 20
944
삼천리자전거 -16819 13273577 20
1조433
상상인 114092 47748397 20
794
서린바이오 0 6900516 20
530
서암기계공업 -25555 12600000 20
940
서울리거 -105022 21115308 20
2,376
서희건설 -1317472 173467745 20
1,021
성도이엔지 -12528 15470000 20
1,213
세미콘라이트 10241 62050302 20
1,364
세보엠이씨 -111967 10530000 20
3,392
세종텔레콤 -1261901 600326126 20
276
세진티에스 2000 8396593 20
943
세코닉스 -100064 11248911 20
980
세화피앤씨 -14184 20743195 20
2,600
셀루메드 0 20309901 20
329
솔트웍스 6304 10311829 20
372
스포츠서울 -40394 31382617 20
2,460
시노펙스 9678 65517274 20
5조817
신라젠 -275392 69422033 20
360
신스타임즈 -137 14016600 20
2,899
신흥에스이씨 93492 6551683 20
6,522
실리콘웍스 54036 16264300 20
1,959
심텍 169337 22752959 20
332
썬텍 0 33153085 20
3,323
쎌바이오텍 -55813 9400000 20
1,626
쏠리드 -387589 38397659 20
584
씨앤지하이테크 -52908 4202740 20
226
씨엔플러스 137 36226748 20
639
씨큐브 -42148 8050441 20
2,436
아스트 -213504 15715097 20
653
아시아경제 11037 25244030 20
440
아시아종묘 -18182 9215539 20
1,343
아이쓰리시스템 -67444 7106760 20
1,396
알리코제약 -2151 9595575 20
508
알에프세미 -42396 8120970 20
1,696
알파홀딩스 46505 13144440 20
1,330
에너전트 0 44411076 20
773
에스씨디 18 48329564 20
2,520
에스엠코어 -223446 20000000 20
1,609
에스트래픽 -306105 11921180 20
7,425
에스티팜 101113 18656000 20
481
에이치시티 -438 4579934 20
2,216
에이프로젠 H&G -54986 178695217 20
450
에치디프로 4825 14555408 20
899
에코마이스터 39691 12659207 20
2,434
에프티이앤이 0 67990951 20
1,253
엑세스바이오 14125 27064930 20
926
엘앤케이바이오 -30585 10070366 20
638
엘엠에스 27766 8895755 20
838
엘티씨 49148 7519943 20
695
엠벤처투자 0 118480095 20
1,457
엠젠플러스 0 14571042 20
415
오공 -12 11521974 20
5,777
오스코텍 621730 27250787 20
537
오스테오닉 -51094 8458466 20
7,500
오스템임플란트 -43422 14285717 20
774
옴니텔 6000 21698640 20
1,145
와이디온라인 -26 30684264 20
2,165
와이엠씨 76283 9865093 20
2,989
와이오엠 0 11563534 20
664
우노앤컴퍼니 12789 13573965 20
367
우리이티아이 -489 41518621 20
688
우진비앤지 0 16217013 20
1,085
원익큐브 -1 35399906 20
913
월덱스 268145 16510993 20
542
웰크론한텍 -3701 19362573 20
993
위지트 -1 72749313 20
1,855
유니테크노 -4249 11927520 20
2,333
유비케어 222505 52197139 20
886
유성티엔에스 -400 27213580 20
1,005
이노와이어리스 -38401 6002500 20
980
이에스브이 784 96984521 20
199
이원컴포텍 23013 14247866 20
400
이즈미디어 4695 7045100 20
629
이트론 500 239949626 20
1,347
이화공영 6000 19805760 20
6,076
인트론바이오 10106 15038462 20
520
일경산업개발 -180 42481962 20
264
일야 0 9780000 20
445
일지테크 1629 13513500 20
888
일진파워 -26662 15078709 20
747
재영솔루텍 0 45695556 20
2조674
제넥신 202825 20409084 20
1,415
제이스텍 -338045 14597808 20
1,098
제이에스티나 -1001 16503790 20
321
제이티 -188279 10016829 20
382
제일테크노스 1969 9000000 20
662
진매트릭스 0 10215273 20
545
케이디켐 -593 4034800 20
313
케이피티유 0 5060000 20
438
코렌 14824 30071471 20
708
코맥스 0 14279965 20
759
코메론 4332 9048000 20
530
코센 -2384 41732387 20
2,635
코엔텍 184207 50000000 20
2조5,293
코오롱티슈진 -149928 60947175 20
749
쿠첸 -7447 10686277 20
3,031
태웅 -102340 20007381 20
2,749
테크윙 -406848 18827732 20
680
티비씨 61877 100000000 20
319
파인텍 4695 10236407 20
509
포비스티앤씨 -331 40078058 20
323
풍강 68 9879313 20
1,336
풍국주정 5926 12600000 20
488
퓨전데이타 0 8408250 20
1,237
퓨쳐켐 39210 5622139 20
2,006
피앤이솔루션 33213 14280000 20
1,909
필링크 -485641 61282764 20
4,279
한국전자금융 257693 34645728 20
4,409
한글과컴퓨터 950814 23082211 20
415
한솔시큐어 -142 7366074 20
315
한솔씨앤피 -354 3993673 20
475
한양디지텍 -1209 10000000 20
480
한일단조 -20607 29891328 20
1,091
한일진공 0 54977886 20
345
한창산업 -2658 5200000 20
417
한컴유니맥스 -8027 18152087 20
1,359
해성산업 -6 9780000 20
505
해성옵틱스 -89 16675000 20
976
헝셩그룹 1467466 80000000 20
1,688
현대사료 -239624 6150486 20
1,240
AP위성 14993 15014804 20
1,443
DMS -2886 23012487 20
1,031
EMW 4731 31784197 20
4,866
JTC 209409 35005517 20
2,787
KG모빌리언스 416529 29906957 20
481
KMH하이텍 -382 46885499 20
1,340
NHN벅스 0 14827550 20
737
SGA솔루션즈 -1330 33905098 20
3,548
SKC 솔믹스 428771 61494040 20
2,375
SM C&C -280251 94061026 20
1,098
THE E&M -178 91860980 20
546
TJ미디어 8973 13931609 20
1,064
가비아 -10780 13535684 20
496
경남스틸 -23227 25000000 20
3,412
경동제약 -10643 26550000 20
1,374
기가레인 29477 50327715 20
839
나라엠앤디 110790 14200000 20
3,151
네패스 -584207 22753266 20
1,774
넥스트아이 214492 68480595 20
2,874
넷게임즈 -230508 23949262 20
752
대동스틸 192980 10000000 20
1,106
대성엘텍 -197 99661343 20
411
대한과학 -66317 7454490 20
4,638
대화제약 -39525 18224974 20
3,734
덕산네오룩스 -128641 24010012 20
953
덕우전자 8249 8110066 20
2,383
동국S&C -198639 57143000 20
408
동국알앤에스 -5447 18400000 20
303
동방선기 214334 13541002 20
829
동양이엔피 33050 7860000 20
769
동일기연 0 6149683 20
6,221
동진쎄미켐 -700384 51414494 20
1,243
디엔에프 71821 10761828 20
744
디지틀조선 -1 37115267 20
766
러셀 -41342 30812000 20
3,426
레이언스 97340 16591014 20
620
링네트 28627 14936878 20
343
모바일리더 -611 3283714 20
1조1,828
미래컴퍼니 -1845 7864540 20
2,213
미투온 -72501 31172770 20
1,145
바이오제네틱스 2049 10954777 20
4,894
바텍 7994 14854256 20
425
버추얼텍 49582 28933505 20
453
부스타 51888 8404800 20
3,115
비덴트 -77364 22569225 20
2,186
비씨월드제약 -9090 8008318 20
670
비엠티 -70467 8146529 20
471
삼진 -53728 6000000 20
772
상지카일룸 -24501 36840456 20
712
서울전자통신 -106 64764286 20
378
서전기전 1817 4849390 20
721
서호전기 24059 5150000 20
1,304
선광 -21269 6600000 20
447
성우테크론 -7534 9054055 20
183
세동 -533 19668840 20
891
세원 72492 4476597 20
14조938
셀트리온헬스케어 783793 140516224 20
805
슈펙스비앤피 9920 58787316 20
1,540
슈프리마 97939 7080273 20
2조9,860
스튜디오드래곤 27809 28037240 20
1,153
신신제약 0 15170500 20
847
아리온 -167 84916388 20
3,400
아모텍 184265 9743406 20
3,805
아이리버 820290 47567412 20
361
아이엠 -188804 22572009 20
532
아이엠텍 0 20475026 20
879
아진산업 -139753 29732585 20
1,315
알에스오토메이션 -40075 9103140 20
3,924
앱클론 213511 6800000 20
206
에스디시스템 16810 8762678 20
944
에스에너지 -35278 13277867 20
556
에스에이티 127225 25212157 20
521
에스엔피월드 25257 7876580 20
1,058
에스텍 -7799 10910000 20
1,237
에스텍파마 -48939 11898263 20
3,633
에스티큐브 18819 26710641 20
2,015
에스피지 -117842 20876975 20
2,082
에임하이 0 65262623 20
1,155
에프에스티 -57570 20233814 20
2,068
엘아이에스 -41465 14773091 20
1,693
엘컴텍 847 84447519 20
1,236
엠에스씨 -26000 17600000 20
728
엠에스오토텍 -16454 27205022 20
1,003
오르비텍 -35276 23790573 20
437
오리엔트정공 -686 67214562 20
774
오이솔루션 -678 7739532 20
1,762
오텍 -105706 15391605 20
3,566
와이솔 589682 24096941 20
472
와토스코리아 7732 7200000 20
2,654
우리기술투자 -3017 84000000 20
271
우성아이비 0 20720000 20
809
우정바이오 845 25109711 20
1,645
원익테라세미콘 -592198 11303840 20
7,896
위메이드 -125408 16800000 20
896
유라테크 1514 11520000 20
1,039
유비쿼스홀딩스 -300708 20696628 20
484
유신 43 3000000 20
1,462
이노인스트루먼트 -37387 20283149 20
307
이미지스 13175 7669128 20
837
이상네트웍스 -11254 9015000 20
563
이엑스티 -51957 26322574 20
2,006
이엔에프테크놀로지 -376448 14227836 20
1,658
이엠코리아 47156 35736265 20
752
인성정보 -63078 19158271 20
563
인포뱅크 7394 8693978 20
843
자이글 39303 13530910 20
1,453
정산애강 0 51794579 20
287
제너셈 -1179 8769174 20
853
제이씨케미칼 0 19343000 20
9,335
제일홀딩스 -228522 70718000 20
5,049
젬백스 166652 33657208 20
1,401
조아제약 26931 28310231 20
739
지란지교시큐리티 18943 36210188 20
2,270
지엘팜텍 -199042 32244133 20
7,933
지트리비앤티 -17230 23229432 20
515
진양제약 0 12000000 20
851
차이나그레이트 317 125866557 20
1,631
참좋은여행 190330 14000000 20
853
체리부로 -14095 27872369 20
2조2,851
컴투스 -144144 12866420 20
873
케이디 네이쳐 엔 바이오 -30 54415529 20
983
케이사인 145 64671257 20
284
케이에스피 0 7540914 20
799
케이피에프 -14484 15726284 20
2,332
코리아나 -38134 40000000 20
4,856
크리스탈 -362279 26179075 20
1,006
탑엔지니어링 143346 15976257 20
894
태양 -11110 8600000 20
1,452
텔레칩스 38134 13505911 20
321
텔레필드 -47556 8455042 20
528
토필드 -144084 23676559 20
9,806
톱텍 14257 36796254 20
303
티피씨글로벌 -3265 9450000 20
965
파라텍 27 16840552 20
727
파워넷 -91861 12009614 20
2,568
파티게임즈 0 24229954 20
607
팬엔터테인먼트 -79824 13742997 20
1,179
푸른저축은행 -1621 15082800 20
452
플랜티넷 -4584 8960000 20
1,095
피씨엘 -27237 8941164 20
4,620
하나머티리얼즈 -110306 19211474 20
1,264
한국전자인증 21175 21459249 20
1,530
한국정보인증 -5735 31165000 20
871
한일사료 -1876 39403685 20
464
한컴시큐어 -431345 14136552 20
2,058
해덕파워웨이 -8101 11596936 20
409
형지I&C -394 38955668 20
2,458
홈캐스트 -110237 32220893 20
500
화신정공 -90549 36373887 20
768
화진 5727 24039448 20
631
희림 -44 13922475 20
1,174
3S 1 44395878 20
2,884
AP시스템 -36474 13899212 20
502
CNH -354 37200000 20
2,074
CSA 코스믹 131909 19747641 20
905
DSC인베스트먼트 -311580 17500000 20
2,069
NEW -113980 27406106 20
1,760
SBI핀테크솔루션즈 51639 24656540 20
1,148
SG -31696 12506024 20
664
TPC 146179 12900000 20
391
YW -923 11355368 20
1,875
강스템바이오텍 -31261 16594937 20
3,482
게임빌 -53538 6595192 20
2,645
골프존 -10178 6275415 20
243
광진윈텍 4484 9658393 20
432
기산텔레콤 0 14577340 20
8,303
네이처셀 -379447 53056399 20
5,203
녹십자랩셀 91881 10554054 20
467
다믈멀티미디어 11829 7404345 20
4,404
다우데이타 46219 38300000 20
246
대동금속 -186 480000 20
240
대동기어 -9 898752 20
736
대양제지 -24507 26850000 20
1,320
대원 -14308 11050000 20
4,454
대한광통신 -971627 73741625 20
904
더블유에프엠 -59 22173875 20
657
덕신하우징 -9168 40060000 20
5,878
동국제약 -71728 8892000 20
1,624
동성화인텍 112039 26983609 20
616
동아화성 10085 15800000 20
334
동양에스텍 63414 10000000 20
860
동양파일 28006 20000000 20
264
듀오백 10784 11968040 20
537
디바이스이엔지 -103453 6782000 20
5,780
디오 8466 15171403 20
1,292
라이트론 69244 12922017 20
534
로고스바이오 -44959 3594724 20
734
마이크로프랜드 -148641 10819866 20
3,396
모다이노칩 -14654 39860811 20
2,060
바이오니아 -1335 20624568 20
887
바이오빌 0 33330498 20
1,923
바이오톡스텍 14708 14564623 20
770
보라티알 -28106 6750733 20
1,665
부방 55162 47293490 20
446
브리지텍 4215 11952500 20
635
비츠로시스 -39257 43977524 20
608
삼영이엔씨 -11218 8800000 20
1,942
삼지전자 -25036 16318522 20
1,872
서진시스템 -127714 6388737 20
717
서진오토모티브 11478 19541246 20
1,073
세명전기 800 15246000 20
1,408
솔본 0 27345997 20
1조787
솔브레인 -237644 17398271 20
746
스킨앤스킨 -45753 102746035 20
736
승일 -44084 6132112 20
3,097
씨티케이코스메틱스 -85996 10122151 20
980
아바텍 101556 15607500 20
530
아이오케이 7085 26574014 20
2,649
아이진 -9140 10992092 20
563
아이컴포넌트 -2235 7070860 20
453
아이티센 -14344 15700682 20
759
아진엑스텍 -54863 6805761 20
3,894
알테오젠 56454 12643230 20
1,459
액션스퀘어 -89596 26481942 20
1,478
에버다임 -35464 17915944 20
713
에스넷 30000 16075215 20
653
에스앤씨엔진그룹 -78011 115239670 20
1,609
에스와이패널 -806897 24949328 20
2,384
에이씨티 106942 20822921 20
612
에이치엔티 2843 13402200 20
960
에이테크솔루션 0 10000000 20
392
에프엔에스테크 26866 7015485 20
802
엔시트론 -869627 101638383 20
371
오리엔탈정공 20299 40545960 20
1,052
오스템 -624 26000000 20
1,228
와이제이엠게임즈 29091 45636595 20
1,243
우리기술 58 85399992 20
2,479
우리산업 119025 9132163 20
1,118
우리산업홀딩스 -78975 18887341 20
403
우리이앤엘 12182 49900000 20
3,825
원익QnC -155073 26288000 20
1,620
원풍물산 0 38391781 20
278
위너지스 0 89900189 20
608
유비벨록스 -17187 7115697 20
1,375
유에스티 -26765 22805172 20
573
육일씨엔에쓰 -87221 9363022 20
865
이녹스 -2091 9350844 20
5,265
이녹스첨단소재 -151768 8969506 20
595
이라이콤 10208 12188730 20
418
이에스에이 0 15537697 20
565
이엠넷 0 22276078 20
1,794
이크레더블 -1148 12043600 20
2,402
인콘 11982 25255452 20
773
인포바인 12848 3192883 20
449
인화정공 -14369 9331705 20
1,063
잉글우드랩 -5601 19867866 20
625
자연과환경 0 33949357 20
1,026
제노레이 -27138 4177256 20
250
제미니투자 42124 40000000 20
562
제일바이오 76740 15000000 20
1,005
중앙오션 -13903 22882712 20
752
지와이커머스 2000 20154595 20
2,332
진로발효 2615 7524000 20
1,363
청담러닝 -2544 7659651 20
553
칩스앤미디어 -759 7411627 20
383
카스 41232 21474112 20
2조3,395
카카오M 273875 25291705 20
826
케이엘넷 6392 24154730 20
1,953
코나아이 -61331 15559118 20
686
코위버 -65528 9796800 20
438
코이즈 2886 10532840 20
739
코프라 -68552 21115634 20
556
큐로홀딩스 -680 60193222 20
868
큐브엔터 1589834 26573767 20
623
티에스인베스트먼트 -361181 22421004 20
683
파세코 -108 14000000 20
357
파이오링크 2439 6856330 20
988
팍스넷 0 11077521 20
484
푸드웰 13209 8000000 20
3,353
프로스테믹스 -7593 45374817 20
266
플레이위드 1118 3460850 20
1,266
필옵틱스 -7322 17272398 20
2,817
하림 -1898770 86945938 20
3,437
하이록코리아 176358 13613232 20
848
한국경제TV -34099 23000000 20
689
한국선재 -1 24522254 20
2,078
한국알콜 -156692 21605760 20
203
한국정밀기계 0 8404000 20
489
한국컴퓨터 140378 16071290 20
316
한네트 -160 11563700 20
525
한탑 0 20800000 20
6,607
휴온스글로벌 -39972 10404299 20
2조2,968
휴젤 -13900 4358205 20
614
흥국 -23418 12322696 20
321
C&S자산관리 0 7348534 20
410
CS 5586 18835150 20
1조2,469
GS홈쇼핑 98276 6562500 20
8,847
JYP Ent. 1295499 34763903 20
1,936
KTH 5460 35715022 20
691
SDN 104273 37327567 20
617
STC -3188 23547769 20
1,064
가온미디어 -727869 14395881 20
1,508
감마누 0 24435800 20
753
갑을메탈 3123 31241496 20
1,506
갤럭시아컴즈 0 39229838 20
397
경창산업 29545 17560000 20
1,023
고려시멘트 0 31979960 20
1,397
글로본 0 28001047 20
1,968
금화피에스시 -798 6000000 20
664
나무가 -4394 3430020 20
2,505
나이스정보통신 -157368 10000000 20
5,392
내츄럴엔도텍 -82307 20231040 20
361
네오오토 0 7874963 20
4,469
네오팜 89523 7461237 20
2,613
농우바이오 -89889 16030561 20
4,390
대아티아이 74882 71151522 20
1,013
대원미디어 20056 12578946 20
912
대정화금 -25939 6537847 20
1,945
대한뉴팜 -1930 14354920 20
1,554
데브시스터즈 6536 11182635 20
1,452
도이치모터스 -672284 26263308 20
2,728
동구바이오제약 -14450 9604000 20
623
동일금속 87612 7000000 20
4,278
동화기업 -36020 14356756 20
720
디스플레이텍 -1326 18691918 20
1,461
디에스케이 0 20354763 20
291
디이엔티 -13960 8979530 20
957
라온시큐어 34647 31809612 20
3,731
루트로닉 -714026 25124556 20
844
리노스 -1389 37754994 20
836
린드먼아시아 -28666 13500000 20
3,807
마크로젠 -63768 10605454 20
907
매커스 335719 16163092 20
712
메디아나 0 8650496 20
4조6,966
메디톡스 -57187 5656535 20
2,073
메디프론 120659 29439113 20
1,700
미래SCI 0 30355605 20
573
미래테크놀로지 -486 6120788 20
873
바른전자 -1316 66419511 20
1,081
바이오스마트 0 19173735 20
1,479
배럴 253339 7215846 20
1,466
비아트론 -3362 12114710 20
2,362
비즈니스온 230060 9544940 20
1,199
빅솔론 169669 19238905 20
657
삼륭물산 -9030 15125000 20
9,373
삼천당제약 399463 22105813 20
1조845
서울반도체 -403556 58305400 20
560
성우전자 -39 15508143 20
323
성호전자 -1771 29506142 20
1,350
셀바스AI 1 22055945 20
549
수성 0 9424760 20
2,853
슈피겐코리아 19210 6216363 20
349
스타플렉스 -2382 6453734 20
1,365
시공테크 180 20047970 20
671
시큐브 6192 36000000 20
254
신라에스지 -3455 4000000 20
897
신일제약 -26598 7900000 20
448
씨유메디칼 92954 15890979 20
521
씨케이에이치 -134849 110404457 20
1,519
아나패스 24006 10127700 20
5,804
아난티 -12978 82320915 20
6,640
아미코젠 -7666 19191510 20
2,635
아우딘퓨쳐스 315826 10000000 20
1,530
아이씨디 61552 16666497 20
1,431
아이에이 -1 41288060 20
400
아이크래프트 1256 8053968 20
668
알비케이이엠디 13603 90825312 20
577
알엔투테크놀로지 -1277 6328942 20
443
액트 -7237 17366763 20
978
앤디포스 -3451 15068965 20
972
에스엔유 12754 31250000 20
784
에스엔텍 -103757 11755065 20
349
에스폴리텍 264 16334678 20
523
에이디칩스 -162089 24692169 20
753
에이디테크놀로지 -36639 9245328 20
774
에이아이비트 8704 49620228 20
815
에이치엘비파워 -4288 59518864 20
1,488
에이티넘인베스트 -1003823 48000000 20
4,052
에이티젠 -42948 24705245 20
295
에프알텍 5314 11400000 20
932
엔지스테크널러지 -4900 3127180 20
1,644
엘오티베큠 -202168 13258256 20
1,913
예스티 143712 10902073 20
569
우리로 -1 24791119 20
1조1,742
원익IPS -609717 41273436 20
849
웰크론 80629 25490497 20
327
웹스 8799 6849238 20
1,453
윈스 50668 11530731 20
2,419
유니셈 -430572 30664223 20
1,242
유아이엘 936 21784936 20
1,122
유앤아이 42875 7737642 20
2,033
유진로봇 77790 37512152 20
926
이그잭스 -368090 49808918 20
396
이더블유케이 0 7380944 20
629
이랜텍 6112 20478206 20
360
이루온 22948 15275020 20
682
이스트소프트 16876 9899400 20
2,926
이엠텍 370053 15198814 20
243
이퓨쳐 -1076 4769250 20
2,029
이화전기 -14292 602032963 20
790
인베니아 5200 23200000 20
577
인지디스플레 29 35603146 20
3,911
인터로조 17460 10986749 20
471
인터엠 0 21045467 20
1,571
인터파크홀딩스 864311 58500000 20
575
잉크테크 10502 16019932 20
774
장원테크 -394 6045000 20
644
정다운 46238 20529824 20
1,146
정상제이엘에스 17217 15677552 20
1,181
제룡전기 -3863 16062409 20
284
제이웨이 0 15064210 20
634
제일제강 -84467 26032185 20
938
좋은사람들 0 26412536 20
1,963
캔서롭 -16826 18788144 20
1,382
컬러레이 -5000 54000000 20
1,235
케이아이엔엑스 103817 4880000 20
1,020
케이엠 1995 10004363 20
692
케이프 -254385 25528573 20
1,360
케이피엠테크 33680 82194828 20
1,226
켐온 -33181 63861340 20
1,031
코다코 20341 39064256 20
1,111
코데즈컴바인 0 37842602 20
759
코렌텍 5281 9937153 20
1,053
코아시아홀딩스 -10931 18841240 20
2,640
코텍 15236 15574552 20
2,297
큐로컴 -45420 109140008 20
1,752
큐리언트 60383 7566192 20
1,133
크루셜텍 8186 45767892 20
1,125
크리스탈신소재 -158624 67783852 20
2,064
키이스트 -119256 77453469 20
365
타이거일렉 -763 6314290 20
321
테라셈 4858 13966340 20
1,712
테스나 248739 6850000 20
1,410
티에스이 -4547 11061429 20
519
티플랙스 -8096 24268402 20
905
팅크웨어 -41924 10425682 20
825
파버나인 4359 10711272 20
797
파인테크닉스 -61718 37608487 20
1,411
팜스웰바이오 -57000 26727391 20
1,780
포스코엠텍 4046 41642703 20
431
프럼파스트 -16391 8846117 20
507
피제이메탈 -2902 24803369 20
170
하나금융7호SPAC 0 8000000 20
559
하이셈 29129 17553680 20
1,083
한국캐피탈 42 168209576 20
495
한국큐빅 -6095 16350563 20
530
한국팩키지 0 25000000 20
902
한빛소프트 -1 24779836 20
257
한솔인티큐브 0 13879521 20
1,744
한컴MDS 196551 8828608 20
2,808
해마로푸드서비스 686443 93897786 20
300
행남사 -58 11386305 20
1,264
현성바이탈 17 31650123 20
496
현우산업 -3394 14317308 20
1,197
화이브라더스코리아 13848 28613475 20
547
휴맥스홀딩스 -3 12577506 20
1,592
휴비츠 548680 11882871 20
1조6,357
CJ오쇼핑 31671 6029198 20
1,864
HB테크놀러지 -434518 78990426 20
3,293
JW신약 -54110 41521606 20
1,817
KCC건설 -66201 21400000 20
1,972
KH바텍 209365 20000000 20
1,575
KMH 318 21606536 20
296
PN풍년 747 10000000 20
453
S&K폴리텍 -374603 11703721 20
1,460
SBS콘텐츠허브 -27157 21463555 20
1조4,566
SKC코오롱PI 786840 29366322 20
484
UCI 0 13434453 20
696
iMBC 0 23000000 20
1,935
경남제약 0 11248376 20
476
고려신용정보 50447 14300000 20
1,013
골든센츄리 -9570 93400000 20
1,414
국보디자인 5688 7500000 20
1,494
글로벌텍스프리 -118752 19283377 20
1,447
넥스트BT 0 61587062 20
1,232
녹원씨엔아이 46476 11357883 20
247
누리플랜 13603 4751401 20
720
뉴프렉스 235571 21156039 20
2,059
다나와 56197 13074822 20
1,256
대원산업 -34423 20037600 20
729
대창솔루션 -93 21691063 20
2,658
대한약품 31520 6000000 20
1,142
데코앤이 -20563 99264922 20
3,632
동원개발 -642218 90808100 20
1,710
디앤씨미디어 -74132 12041343 20
467
디케이디앤아이 -8472 21972411 20
1,837
레드로버 17789 44741032 20
925
링크제니시스 -24562 10000000 20
1,991
메가스터디 22800 11920959 20
5,119
메지온 25140 8618179 20
959
메타바이오메드 -701 23862351 20
711
모비스 1 32171314 20
628
모헨즈 0 10920000 20
571
미래생명자원 -212632 18671428 20
405
바른손 18 13903900 20
1,435
보성파워텍 2308 45854719 20
1,632
비츠로테크 -9235 22353873 20
996
비트컴퓨터 235813 16623293 20
2,292
사람인에이치알 -52630 11634263 20
2,073
삼목에스폼 -52750 14700000 20
500
삼영엠텍 0 13000000 20
605
삼우엠스 -208859 40336569 20
636
삼화네트웍스 78 42857933 20
544
상보 17043 28312361 20
4,798
서부T&D 26266 51871207 20
393
서연탑메탈 -21 11650000 20
3,488
성우하이텍 -1774858 80000000 20
527
솔루에타 0 12086586 20
614
스페코 -2947 14655470 20
590
시스웍 0 18000000 20
931
신성델타테크 65547 22088547 20
473
신원종합개발 -395 10068027 20
380
신화콘텍 3822 10143845 20
715
심텍홀딩스 -1898 34895833 20
1,029
쎄노텍 0 39183915 20
583
쎄미시스코 3351 5400000 20
846
아이디스 270 10716390 20
1,609
아이디스홀딩스 -3249 10347756 20
632
아이앤씨 1074 15789538 20
646
아이즈비전 -65776 15772574 20
416
아즈텍WB 321662 20916684 20
4,328
아트라스BX 11696 9150000 20
1,539
안국약품 -20919 13042420 20
5,027
안랩 -4509 10013855 20
803
알에프텍 143954 19050000 20
721
알티캐스트 -533237 21223160 20
9,684
에스엠 911976 22786801 20
1,296
에스코넥 -3166 65265724 20
804
에이티테크놀러지 -95000 10191446 20
1,830
에코마케팅 476400 16198937 20
1,547
에프앤리퍼블릭 627632 57930847 20
516
엑사이엔씨 9475 33173548 20
649
엔에스 -4012 4900000 20
852
엔텔스 -116 6899227 20
726
엠게임 0 19543877 20
2,695
예림당 -362234 23034277 20
1,162
오로라 393 10762890 20
627
오리콤 -25312 11498750 20
786
오픈베이스 1180 31422383 20
1,221
옵트론텍 -34840 22560627 20
3,474
원익머트리얼즈 -32770 6304000 20
4,379
원익홀딩스 -729916 77237981 20
447
원일특강 -7975 4400000 20
2,459
웨이브일렉트로 1982 10667063 20
731
웰크론강원 -74279 15253030 20
2,190
유니슨 98125 93600606 20
1,225
유비쿼스 29857 5123955 20
339
유아이디 0 11887792 20
5,196
유진기업 -1031587 76976839 20
593
유테크 0 14667032 20
503
이글루시큐리티 1081 10996119 20
670
이엘케이 11449 66014510 20
3,900
이테크건설 16338 2800000 20
2,561
인선이엔티 -43170 36324236 20
2,253
인터파크 612801 33128480 20
760
인프라웨어 19411 37463160 20
953
일신바이오 0 44216140 20
1,366
전파기지국 337 52860000 20
738
정원엔시스 52 32209292 20
1,183
제닉 130628 7000000 20
2,599
제이브이엠 -85891 6330908 20
7,631
제이콘텐트리 1706788 114068982 20
1,643
중앙백신 -25611 7320000 20
302
지니언스 -7001 4854900 20
221
지디 0 18709617 20
2,034
지엔코 -1 98008044 20
727
차이나하오란 0 94000000 20
323
청보산업 -3238 8178771 20
1,001
초록뱀 -278286 65858190 20
2,104
케어랩스 -173608 5977430 20
853
켐트로닉스 11052 12624273 20
922
켐트로스 -164668 24045158 20
331
코리아에스이 -2271 18900000 20
743
코리아에프티 -963336 27841064 20
2,672
코미코 87110 8775000 20
1조5,039
코미팜 -152256 55290573 20
8,036
콜마비앤에이치 3117 29543558 20
1,262
큐캐피탈 -10050 134639266 20
904
크린앤사이언스 57361 6500000 20
3,180
태광 -137729 26500000 20
3,775
테고사이언스 2753 4037317 20
3,599
테라젠이텍스 -1078479 30758206 20
4,606
테스 -572567 19768226 20
1,705
텔루스 -5237 86134261 20
245
토탈소프트 6097 8558040 20
798
트레이스 0 54822175 20
1조6,051
파라다이스 -876352 90942672 20
473
패션플랫폼 -20786 22706300 20
4,077
펩트론 198447 7663250 20
1,924
평화정공 -466 21000000 20
475
포메탈 -28979 11847232 20
1,040
포스링크 0 43875539 20
480
포시에스 -12364 7168563 20
994
포티스 -48 44874782 20
720
푸른기술 -11324 6574202 20
391
프리엠스 -10 6000000 20
645
피앤씨테크 -47027 6496600 20
313
피에스엠씨 184 38726201 20
1,449
피엔티 249093 8572904 20
3,103
하림홀딩스 -22960 89157190 20
806
하이로닉 -81853 14094745 20
2,286
하이비젼시스템 -160281 14942112 20
668
한국가구 189 3000000 20
2,425
한국기업평가 -51 4540514 20
542
한국맥널티 5705 4975000 20
924
한국테크놀로지 -962389 66979149 20
795
한라IMS -13900 11459502 20
3,348
한양이엔지 -125030 18000000 20
1,668
현대아이비티 0 32574192 20
439
현진소재 0 12034034 20
986
화일약품 6967 14410958 20
959
효성오앤비 -2454 8490000 20
1,820
휴맥스 924 23911798 20
3,071
휴메딕스 -16167 9347753 20
826
힘스 -4630 5261360 20
~~~~~~~~~~~~~~~~~~~~~~~~~~~~~~~~~~~~~~
['아비코전자', '1,476', 0, 0, 1, 2, 4]
[66, 40, 25, 0, 0]
['20', '16', '12', '8', '4']
아비코전자 1,476억 0% 0% 1% 2% 4%
['아프리카TV', '5,653', 1, 1, 0, 0, 1]
[16, 0, 0, 33, 50]
['20', '16', '12', '8', '4']
아프리카TV 5,653억 1% 1% 0% 0% 1%
['유니테스트', '4,364', 1, 0, 0, 0, 0]
[0, 0, 0, 0, 50]
['20', '16', '12', '8', '4']
유니테스트 4,364억 1% 0% 0% 0% 0%
['와이지엔터테인먼트', '7,111', 2, 3, 5, 9, 11]
[183, 180, 125, 100, 100]
['20', '16', '12', '8', '4']
와이지엔터테인먼트 7,111억 2% 3% 5% 9% 11%
['W홀딩컴퍼니', '941', 0, 2, 2, 2, 2]
[33, 40, 50, 66, 0]
['20', '16', '12', '8', '4']
W홀딩컴퍼니 941억 0% 2% 2% 2% 2%
['메디포스트', '8,144', 1, 1, 1, 0, 0]
[0, 0, 25, 33, 50]
['20', '16', '12', '8', '4']
메디포스트 8,144억 1% 1% 1% 0% 0%
['상신이디피', '1,502', 0, 1, 1, 2, 4]
[66, 40, 25, 33, 0]
['20', '16', '12', '8', '4']
상신이디피 1,502억 0% 1% 1% 2% 4%
['에이치엘비생명과학', '4,989', 0, 1, 3, 3, 3]
[50, 60, 75, 33, 0]
['20', '16', '12', '8', '4']
에이치엘비생명과학 4,989억 0% 1% 3% 3% 3%
['인크로스', '2,068', 0, 0, 4, 4, 4]
[66, 80, 100, 0, 0]
['20', '16', '12', '8', '4']
인크로스 2,068억 0% 0% 4% 4% 4%
['한글과컴퓨터', '4,409', 0, 2, 2, 3, 4]
[66, 60, 50, 66, 0]
['20', '16', '12', '8', '4']
한글과컴퓨터 4,409억 0% 2% 2% 3% 4%
['아모텍', '3,400', 1, 1, 1, 3, 1]
[16, 60, 25, 33, 50]
['20', '16', '12', '8', '4']
아모텍 3,400억 1% 1% 1% 3% 1%
['앱클론', '3,924', 1, 1, 2, 2, 3]
[50, 40, 50, 33, 50]
['20', '16', '12', '8', '4']
앱클론 3,924억 1% 1% 2% 2% 3%
['큐브엔터', '868', 0, 2, 5, 5, 5]
[83, 100, 125, 66, 0]
['20', '16', '12', '8', '4']
큐브엔터 868억 0% 2% 5% 5% 5%
['매커스', '907', 0, 2, 2, 2, 2]
[33, 40, 50, 66, 0]
['20', '16', '12', '8', '4']
매커스 907억 0% 2% 2% 2% 2%
['이엠텍', '2,926', 1, 2, 2, 2, 2]
[33, 40, 50, 66, 50]
['20', '16', '12', '8', '4']
이엠텍 2,926억 1% 2% 2% 2% 2%
['휴비츠', '1,592', 0, 2, 4, 4, 4]
[66, 80, 100, 66, 0]
['20', '16', '12', '8', '4']
휴비츠 1,592억 0% 2% 4% 4% 4%
['에스엠', '9,684', 0, 1, 2, 3, 4]
[66, 60, 50, 33, 0]
['20', '16', '12', '8', '4']
에스엠 9,684억 0% 1% 2% 3% 4%
['에코마케팅', '1,830', 1, 1, 2, 2, 2]
[33, 40, 50, 33, 50]
['20', '16', '12', '8', '4']
에코마케팅 1,830억 1% 1% 2% 2% 2%
['피엔티', '1,449', 1, 1, 1, 2, 2]
[33, 40, 25, 33, 50]
['20', '16', '12', '8', '4']
피엔티 1,449억 1% 1% 1% 2% 2%
